Leaving 1
[[0 0 0 0 0 0 0 0 0 0 0 0 0 0 0 0 0 0 0 0]
 [0 0 0 0 0 0 0 0 0 0 0 0 0 0 0 0 0 0 0 0]
 [0 0 0 0 0 0 0 0 0 0 0 0 0 0 0 0 0 0 0 0]
 [0 0 0 0 0 0 0 0 0 0 0 0 0 0 0 0 0 0 0 0]
 [0 0 0 0 0 0 0 0 0 0 0 0 0 0 0 0 0 0 0 0]
 [0 0 0 0 0 0 0 0 0 0 0 0 0 0 0 0 0 0 0 0]]
Filling 7.0 things for dest 10
[[10  0  0  0  0  0  0  0  0  0  0  0  0  0  0  0  0  0  0  0]
 [10  0  0  0  0  0  0  0  0  0  0  0  0  0  0  0  0  0  0  0]
 [10  0  0  0  0  0  0  0  0  0  0  0  0  0  0  0  0  0  0  0]
 [10  0  0  0  0  0  0  0  0  0  0  0  0  0  0  0  0  0  0  0]
 [10  0  0  0  0  0  0  0  0  0  0  0  0  0  0  0  0  0  0  0]
 [10 10  0  0  0  0  0  0  0  0  0  0  0  0  0  0  0  0  0  0]]
Filling 6.0 things for dest 9
[[10  9  0  0  0  0  0  0  0  0  0  0  0  0  0  0  0  0  0  0]
 [10  9  0  0  0  0  0  0  0  0  0  0  0  0  0  0  0  0  0  0]
 [10  9  0  0  0  0  0  0  0  0  0  0  0  0  0  0  0  0  0  0]
 [10  9  0  0  0  0  0  0  0  0  0  0  0  0  0  0  0  0  0  0]
 [10  9  0  0  0  0  0  0  0  0  0  0  0  0  0  0  0  0  0  0]
 [10 10  9  0  0  0  0  0  0  0  0  0  0  0  0  0  0  0  0  0]]
Filling 8.0 things for dest 8
[[10  9  8  0  0  0  0  0  0  0  0  0  0  0  0  0  0  0  0  0]
 [10  9  8  0  0  0  0  0  0  0  0  0  0  0  0  0  0  0  0  0]
 [10  9  8  0  0  0  0  0  0  0  0  0  0  0  0  0  0  0  0  0]
 [10  9  8  8  0  0  0  0  0  0  0  0  0  0  0  0  0  0  0  0]
 [10  9  8  8  0  0  0  0  0  0  0  0  0  0  0  0  0  0  0  0]
 [10 10  9  8  0  0  0  0  0  0  0  0  0  0  0  0  0  0  0  0]]
Filling 10.0 things for dest 7
[[10  9  8  7  7  0  0  0  0  0  0  0  0  0  0  0  0  0  0  0]
 [10  9  8  7  7  0  0  0  0  0  0  0  0  0  0  0  0  0  0  0]
 [10  9  8  7  7  0  0  0  0  0  0  0  0  0  0  0  0  0  0  0]
 [10  9  8  8  7  0  0  0  0  0  0  0  0  0  0  0  0  0  0  0]
 [10  9  8  8  7  0  0  0  0  0  0  0  0  0  0  0  0  0  0  0]
 [10 10  9  8  7  7  0  0  0  0  0  0  0  0  0  0  0  0  0  0]]
Filling 14.0 things for dest 6
[[10  9  8  7  7  6  6  0  0  0  0  0  0  0  0  0  0  0  0  0]
 [10  9  8  7  7  6  6  0  0  0  0  0  0  0  0  0  0  0  0  0]
 [10  9  8  7  7  6  6  0  0  0  0  0  0  0  0  0  0  0  0  0]
 [10  9  8  8  7  6  6  6  0  0  0  0  0  0  0  0  0  0  0  0]
 [10  9  8  8  7  6  6  6  0  0  0  0  0  0  0  0  0  0  0  0]
 [10 10  9  8  7  7  6  6  0  0  0  0  0  0  0  0  0  0  0  0]]
Filling 17.0 things for dest 5
[[10  9  8  7  7  6  6  5  5  5  0  0  0  0  0  0  0  0  0  0]
 [10  9  8  7  7  6  6  5  5  5  0  0  0  0  0  0  0  0  0  0]
 [10  9  8  7  7  6  6  5  5  5  0  0  0  0  0  0  0  0  0  0]
 [10  9  8  8  7  6  6  6  5  5  0  0  0  0  0  0  0  0  0  0]
 [10  9  8  8  7  6  6  6  5  5  5  0  0  0  0  0  0  0  0  0]
 [10 10  9  8  7  7  6  6  5  5  5  0  0  0  0  0  0  0  0  0]]
Filling 3.0 things for dest 4
[[10  9  8  7  7  6  6  5  5  5  0  0  0  0  0  0  0  0  0  0]
 [10  9  8  7  7  6  6  5  5  5  4  0  0  0  0  0  0  0  0  0]
 [10  9  8  7  7  6  6  5  5  5  4  0  0  0  0  0  0  0  0  0]
 [10  9  8  8  7  6  6  6  5  5  4  0  0  0  0  0  0  0  0  0]
 [10  9  8  8  7  6  6  6  5  5  5  0  0  0  0  0  0  0  0  0]
 [10 10  9  8  7  7  6  6  5  5  5  0  0  0  0  0  0  0  0  0]]
Filling 0.0 things for dest 3
[[10  9  8  7  7  6  6  5  5  5  0  0  0  0  0  0  0  0  0  0]
 [10  9  8  7  7  6  6  5  5  5  4  0  0  0  0  0  0  0  0  0]
 [10  9  8  7  7  6  6  5  5  5  4  0  0  0  0  0  0  0  0  0]
 [10  9  8  8  7  6  6  6  5  5  4  0  0  0  0  0  0  0  0  0]
 [10  9  8  8  7  6  6  6  5  5  5  0  0  0  0  0  0  0  0  0]
 [10 10  9  8  7  7  6  6  5  5  5  0  0  0  0  0  0  0  0  0]]
Filling 0.0 things for dest 2
[[10  9  8  7  7  6  6  5  5  5  0  0  0  0  0  0  0  0  0  0]
 [10  9  8  7  7  6  6  5  5  5  4  0  0  0  0  0  0  0  0  0]
 [10  9  8  7  7  6  6  5  5  5  4  0  0  0  0  0  0  0  0  0]
 [10  9  8  8  7  6  6  6  5  5  4  0  0  0  0  0  0  0  0  0]
 [10  9  8  8  7  6  6  6  5  5  5  0  0  0  0  0  0  0  0  0]
 [10 10  9  8  7  7  6  6  5  5  5  0  0  0  0  0  0  0  0  0]]
Leaving 2
[[10  9  8  7  7  6  6  5  5  5  0  0  0  0  0  0  0  0  0  0]
 [10  9  8  7  7  6  6  5  5  5  4  0  0  0  0  0  0  0  0  0]
 [10  9  8  7  7  6  6  5  5  5  4  0  0  0  0  0  0  0  0  0]
 [10  9  8  8  7  6  6  6  5  5  4  0  0  0  0  0  0  0  0  0]
 [10  9  8  8  7  6  6  6  5  5  5  0  0  0  0  0  0  0  0  0]
 [10 10  9  8  7  7  6  6  5  5  5  0  0  0  0  0  0  0  0  0]]
Filling 0.0 things for dest 10
[[10  9  8  7  7  6  6  5  5  5  0  0  0  0  0  0  0  0  0  0]
 [10  9  8  7  7  6  6  5  5  5  4  0  0  0  0  0  0  0  0  0]
 [10  9  8  7  7  6  6  5  5  5  4  0  0  0  0  0  0  0  0  0]
 [10  9  8  8  7  6  6  6  5  5  4  0  0  0  0  0  0  0  0  0]
 [10  9  8  8  7  6  6  6  5  5  5  0  0  0  0  0  0  0  0  0]
 [10 10  9  8  7  7  6  6  5  5  5  0  0  0  0  0  0  0  0  0]]
Filling 0.0 things for dest 9
[[10  9  8  7  7  6  6  5  5  5  0  0  0  0  0  0  0  0  0  0]
 [10  9  8  7  7  6  6  5  5  5  4  0  0  0  0  0  0  0  0  0]
 [10  9  8  7  7  6  6  5  5  5  4  0  0  0  0  0  0  0  0  0]
 [10  9  8  8  7  6  6  6  5  5  4  0  0  0  0  0  0  0  0  0]
 [10  9  8  8  7  6  6  6  5  5  5  0  0  0  0  0  0  0  0  0]
 [10 10  9  8  7  7  6  6  5  5  5  0  0  0  0  0  0  0  0  0]]
Filling 9.0 things for dest 8
[[10  9  8  7  7  6  6  5  5  5  0  8  0  0  0  0  0  0  0  0]
 [10  9  8  7  7  6  6  5  5  5  4  8  0  0  0  0  0  0  0  0]
 [10  9  8  7  7  6  6  5  5  5  4  8  0  0  0  0  0  0  0  0]
 [10  9  8  8  7  6  6  6  5  5  4  8  8  0  0  0  0  0  0  0]
 [10  9  8  8  7  6  6  6  5  5  5  8  8  0  0  0  0  0  0  0]
 [10 10  9  8  7  7  6  6  5  5  5  8  8  0  0  0  0  0  0  0]]
Filling 0.0 things for dest 7
[[10  9  8  7  7  6  6  5  5  5  0  8  0  0  0  0  0  0  0  0]
 [10  9  8  7  7  6  6  5  5  5  4  8  0  0  0  0  0  0  0  0]
 [10  9  8  7  7  6  6  5  5  5  4  8  0  0  0  0  0  0  0  0]
 [10  9  8  8  7  6  6  6  5  5  4  8  8  0  0  0  0  0  0  0]
 [10  9  8  8  7  6  6  6  5  5  5  8  8  0  0  0  0  0  0  0]
 [10 10  9  8  7  7  6  6  5  5  5  8  8  0  0  0  0  0  0  0]]
Filling 9.0 things for dest 6
[[10  9  8  7  7  6  6  5  5  5  0  8  6  6  0  0  0  0  0  0]
 [10  9  8  7  7  6  6  5  5  5  4  8  6  6  0  0  0  0  0  0]
 [10  9  8  7  7  6  6  5  5  5  4  8  6  6  0  0  0  0  0  0]
 [10  9  8  8  7  6  6  6  5  5  4  8  8  6  0  0  0  0  0  0]
 [10  9  8  8  7  6  6  6  5  5  5  8  8  6  0  0  0  0  0  0]
 [10 10  9  8  7  7  6  6  5  5  5  8  8  6  0  0  0  0  0  0]]
Filling 0.0 things for dest 5
[[10  9  8  7  7  6  6  5  5  5  0  8  6  6  0  0  0  0  0  0]
 [10  9  8  7  7  6  6  5  5  5  4  8  6  6  0  0  0  0  0  0]
 [10  9  8  7  7  6  6  5  5  5  4  8  6  6  0  0  0  0  0  0]
 [10  9  8  8  7  6  6  6  5  5  4  8  8  6  0  0  0  0  0  0]
 [10  9  8  8  7  6  6  6  5  5  5  8  8  6  0  0  0  0  0  0]
 [10 10  9  8  7  7  6  6  5  5  5  8  8  6  0  0  0  0  0  0]]
Filling 0.0 things for dest 4
[[10  9  8  7  7  6  6  5  5  5  0  8  6  6  0  0  0  0  0  0]
 [10  9  8  7  7  6  6  5  5  5  4  8  6  6  0  0  0  0  0  0]
 [10  9  8  7  7  6  6  5  5  5  4  8  6  6  0  0  0  0  0  0]
 [10  9  8  8  7  6  6  6  5  5  4  8  8  6  0  0  0  0  0  0]
 [10  9  8  8  7  6  6  6  5  5  5  8  8  6  0  0  0  0  0  0]
 [10 10  9  8  7  7  6  6  5  5  5  8  8  6  0  0  0  0  0  0]]
Filling 12.0 things for dest 3
[[10  9  8  7  7  6  6  5  5  5  3  8  6  6  3  0  0  0  0  0]
 [10  9  8  7  7  6  6  5  5  5  4  8  6  6  3  3  0  0  0  0]
 [10  9  8  7  7  6  6  5  5  5  4  8  6  6  3  3  0  0  0  0]
 [10  9  8  8  7  6  6  6  5  5  4  8  8  6  3  3  0  0  0  0]
 [10  9  8  8  7  6  6  6  5  5  5  8  8  6  3  3  0  0  0  0]
 [10 10  9  8  7  7  6  6  5  5  5  8  8  6  3  3  0  0  0  0]]
Leaving 3
[[10  9  8  7  7  6  6  5  5  5  0  8  6  6  0  0  0  0  0  0]
 [10  9  8  7  7  6  6  5  5  5  4  8  6  6  0  0  0  0  0  0]
 [10  9  8  7  7  6  6  5  5  5  4  8  6  6  0  0  0  0  0  0]
 [10  9  8  8  7  6  6  6  5  5  4  8  8  6  0  0  0  0  0  0]
 [10  9  8  8  7  6  6  6  5  5  5  8  8  6  0  0  0  0  0  0]
 [10 10  9  8  7  7  6  6  5  5  5  8  8  6  0  0  0  0  0  0]]
Filling 3.0 things for dest 10
[[10  9  8  7  7  6  6  5  5  5  0  8  6  6  0  0  0  0  0  0]
 [10  9  8  7  7  6  6  5  5  5  4  8  6  6  0  0  0  0  0  0]
 [10  9  8  7  7  6  6  5  5  5  4  8  6  6  0  0  0  0  0  0]
 [10  9  8  8  7  6  6  6  5  5  4  8  8  6 10  0  0  0  0  0]
 [10  9  8  8  7  6  6  6  5  5  5  8  8  6 10  0  0  0  0  0]
 [10 10  9  8  7  7  6  6  5  5  5  8  8  6 10  0  0  0  0  0]]
Filling 6.0 things for dest 9
[[10  9  8  7  7  6  6  5  5  5  0  8  6  6  9  0  0  0  0  0]
 [10  9  8  7  7  6  6  5  5  5  4  8  6  6  9  0  0  0  0  0]
 [10  9  8  7  7  6  6  5  5  5  4  8  6  6  9  0  0  0  0  0]
 [10  9  8  8  7  6  6  6  5  5  4  8  8  6 10  9  0  0  0  0]
 [10  9  8  8  7  6  6  6  5  5  5  8  8  6 10  9  0  0  0  0]
 [10 10  9  8  7  7  6  6  5  5  5  8  8  6 10  9  0  0  0  0]]
Filling 0.0 things for dest 8
[[10  9  8  7  7  6  6  5  5  5  0  8  6  6  9  0  0  0  0  0]
 [10  9  8  7  7  6  6  5  5  5  4  8  6  6  9  0  0  0  0  0]
 [10  9  8  7  7  6  6  5  5  5  4  8  6  6  9  0  0  0  0  0]
 [10  9  8  8  7  6  6  6  5  5  4  8  8  6 10  9  0  0  0  0]
 [10  9  8  8  7  6  6  6  5  5  5  8  8  6 10  9  0  0  0  0]
 [10 10  9  8  7  7  6  6  5  5  5  8  8  6 10  9  0  0  0  0]]
Filling 10.0 things for dest 7
[[10  9  8  7  7  6  6  5  5  5  0  8  6  6  9  7  7  0  0  0]
 [10  9  8  7  7  6  6  5  5  5  4  8  6  6  9  7  7  0  0  0]
 [10  9  8  7  7  6  6  5  5  5  4  8  6  6  9  7  7  0  0  0]
 [10  9  8  8  7  6  6  6  5  5  4  8  8  6 10  9  7  0  0  0]
 [10  9  8  8  7  6  6  6  5  5  5  8  8  6 10  9  7  0  0  0]
 [10 10  9  8  7  7  6  6  5  5  5  8  8  6 10  9  7  7  0  0]]
Filling 0.0 things for dest 6
[[10  9  8  7  7  6  6  5  5  5  0  8  6  6  9  7  7  0  0  0]
 [10  9  8  7  7  6  6  5  5  5  4  8  6  6  9  7  7  0  0  0]
 [10  9  8  7  7  6  6  5  5  5  4  8  6  6  9  7  7  0  0  0]
 [10  9  8  8  7  6  6  6  5  5  4  8  8  6 10  9  7  0  0  0]
 [10  9  8  8  7  6  6  6  5  5  5  8  8  6 10  9  7  0  0  0]
 [10 10  9  8  7  7  6  6  5  5  5  8  8  6 10  9  7  7  0  0]]
Filling 0.0 things for dest 5
[[10  9  8  7  7  6  6  5  5  5  0  8  6  6  9  7  7  0  0  0]
 [10  9  8  7  7  6  6  5  5  5  4  8  6  6  9  7  7  0  0  0]
 [10  9  8  7  7  6  6  5  5  5  4  8  6  6  9  7  7  0  0  0]
 [10  9  8  8  7  6  6  6  5  5  4  8  8  6 10  9  7  0  0  0]
 [10  9  8  8  7  6  6  6  5  5  5  8  8  6 10  9  7  0  0  0]
 [10 10  9  8  7  7  6  6  5  5  5  8  8  6 10  9  7  7  0  0]]
Filling 6.0 things for dest 4
[[10  9  8  7  7  6  6  5  5  5  4  8  6  6  9  7  7  4  0  0]
 [10  9  8  7  7  6  6  5  5  5  4  8  6  6  9  7  7  4  0  0]
 [10  9  8  7  7  6  6  5  5  5  4  8  6  6  9  7  7  4  0  0]
 [10  9  8  8  7  6  6  6  5  5  4  8  8  6 10  9  7  4  0  0]
 [10  9  8  8  7  6  6  6  5  5  5  8  8  6 10  9  7  4  0  0]
 [10 10  9  8  7  7  6  6  5  5  5  8  8  6 10  9  7  7  0  0]]
Leaving 4
[[10  9  8  7  7  6  6  5  5  5  0  8  6  6  9  7  7  0  0  0]
 [10  9  8  7  7  6  6  5  5  5  0  8  6  6  9  7  7  0  0  0]
 [10  9  8  7  7  6  6  5  5  5  0  8  6  6  9  7  7  0  0  0]
 [10  9  8  8  7  6  6  6  5  5  0  8  8  6 10  9  7  0  0  0]
 [10  9  8  8  7  6  6  6  5  5  5  8  8  6 10  9  7  0  0  0]
 [10 10  9  8  7  7  6  6  5  5  5  8  8  6 10  9  7  7  0  0]]
Filling 0.0 things for dest 10
[[10  9  8  7  7  6  6  5  5  5  0  8  6  6  9  7  7  0  0  0]
 [10  9  8  7  7  6  6  5  5  5  0  8  6  6  9  7  7  0  0  0]
 [10  9  8  7  7  6  6  5  5  5  0  8  6  6  9  7  7  0  0  0]
 [10  9  8  8  7  6  6  6  5  5  0  8  8  6 10  9  7  0  0  0]
 [10  9  8  8  7  6  6  6  5  5  5  8  8  6 10  9  7  0  0  0]
 [10 10  9  8  7  7  6  6  5  5  5  8  8  6 10  9  7  7  0  0]]
Filling 5.0 things for dest 9
[[10  9  8  7  7  6  6  5  5  5  0  8  6  6  9  7  7  0  0  0]
 [10  9  8  7  7  6  6  5  5  5  0  8  6  6  9  7  7  0  9  0]
 [10  9  8  7  7  6  6  5  5  5  0  8  6  6  9  7  7  0  9  0]
 [10  9  8  8  7  6  6  6  5  5  0  8  8  6 10  9  7  0  9  0]
 [10  9  8  8  7  6  6  6  5  5  5  8  8  6 10  9  7  0  9  0]
 [10 10  9  8  7  7  6  6  5  5  5  8  8  6 10  9  7  7  9  0]]
Filling 8.0 things for dest 8
[[10  9  8  7  7  6  6  5  5  5  0  8  6  6  9  7  7  0  8  8]
 [10  9  8  7  7  6  6  5  5  5  0  8  6  6  9  7  7  0  9  8]
 [10  9  8  7  7  6  6  5  5  5  0  8  6  6  9  7  7  0  9  8]
 [10  9  8  8  7  6  6  6  5  5  8  8  8  6 10  9  7  0  9  8]
 [10  9  8  8  7  6  6  6  5  5  5  8  8  6 10  9  7  0  9  8]
 [10 10  9  8  7  7  6  6  5  5  5  8  8  6 10  9  7  7  9  8]]
Filling 0.0 things for dest 7
[[10  9  8  7  7  6  6  5  5  5  0  8  6  6  9  7  7  0  8  8]
 [10  9  8  7  7  6  6  5  5  5  0  8  6  6  9  7  7  0  9  8]
 [10  9  8  7  7  6  6  5  5  5  0  8  6  6  9  7  7  0  9  8]
 [10  9  8  8  7  6  6  6  5  5  8  8  8  6 10  9  7  0  9  8]
 [10  9  8  8  7  6  6  6  5  5  5  8  8  6 10  9  7  0  9  8]
 [10 10  9  8  7  7  6  6  5  5  5  8  8  6 10  9  7  7  9  8]]
Filling 0.0 things for dest 6
[[10  9  8  7  7  6  6  5  5  5  0  8  6  6  9  7  7  0  8  8]
 [10  9  8  7  7  6  6  5  5  5  0  8  6  6  9  7  7  0  9  8]
 [10  9  8  7  7  6  6  5  5  5  0  8  6  6  9  7  7  0  9  8]
 [10  9  8  8  7  6  6  6  5  5  8  8  8  6 10  9  7  0  9  8]
 [10  9  8  8  7  6  6  6  5  5  5  8  8  6 10  9  7  0  9  8]
 [10 10  9  8  7  7  6  6  5  5  5  8  8  6 10  9  7  7  9  8]]
Filling 0.0 things for dest 5
[[10  9  8  7  7  6  6  5  5  5  0  8  6  6  9  7  7  0  8  8]
 [10  9  8  7  7  6  6  5  5  5  0  8  6  6  9  7  7  0  9  8]
 [10  9  8  7  7  6  6  5  5  5  0  8  6  6  9  7  7  0  9  8]
 [10  9  8  8  7  6  6  6  5  5  8  8  8  6 10  9  7  0  9  8]
 [10  9  8  8  7  6  6  6  5  5  5  8  8  6 10  9  7  0  9  8]
 [10 10  9  8  7  7  6  6  5  5  5  8  8  6 10  9  7  7  9  8]]
Leaving 5
A cost was incurred at 10,3
[[10  9  8  7  7  6  6  0  0  0  0  8  6  6  9  7  7  0  8  8]
 [10  9  8  7  7  6  6  0  0  0  0  8  6  6  9  7  7  0  9  8]
 [10  9  8  7  7  6  6  0  0  0  0  8  6  6  9  7  7  0  9  8]
 [10  9  8  8  7  6  6  6  0  0  0  8  8  6 10  9  7  0  9  8]
 [10  9  8  8  7  6  6  6  0  0  0  8  8  6 10  9  7  0  9  8]
 [10 10  9  8  7  7  6  6  0  0  0  8  8  6 10  9  7  7  9  8]]
Filling 2.0 things for dest 10
[[10  9  8  7  7  6  6  0  0  0  0  8  6  6  9  7  7  0  8  8]
 [10  9  8  7  7  6  6  0  0  0  0  8  6  6  9  7  7  0  9  8]
 [10  9  8  7  7  6  6  0  0  0  0  8  6  6  9  7  7  0  9  8]
 [10  9  8  8  7  6  6  6  0  0  0  8  8  6 10  9  7  0  9  8]
 [10  9  8  8  7  6  6  6 10  0  0  8  8  6 10  9  7  0  9  8]
 [10 10  9  8  7  7  6  6 10  0  0  8  8  6 10  9  7  7  9  8]]
Filling 5.0 things for dest 9
[[10  9  8  7  7  6  6  0  9  0  0  8  6  6  9  7  7  0  8  8]
 [10  9  8  7  7  6  6  0  9  0  0  8  6  6  9  7  7  0  9  8]
 [10  9  8  7  7  6  6  0  9  0  0  8  6  6  9  7  7  0  9  8]
 [10  9  8  8  7  6  6  6  9  0  0  8  8  6 10  9  7  0  9  8]
 [10  9  8  8  7  6  6  6 10  0  0  8  8  6 10  9  7  0  9  8]
 [10 10  9  8  7  7  6  6 10  9  0  8  8  6 10  9  7  7  9  8]]
Filling 12.0 things for dest 8
[[10  9  8  7  7  6  6  0  9  8  8  8  6  6  9  7  7  0  8  8]
 [10  9  8  7  7  6  6  0  9  8  8  8  6  6  9  7  7  0  9  8]
 [10  9  8  7  7  6  6  8  9  8  8  8  6  6  9  7  7  0  9  8]
 [10  9  8  8  7  6  6  6  9  8  8  8  8  6 10  9  7  0  9  8]
 [10  9  8  8  7  6  6  6 10  8  8  8  8  6 10  9  7  0  9  8]
 [10 10  9  8  7  7  6  6 10  9  8  8  8  6 10  9  7  7  9  8]]
Filling 0.0 things for dest 7
[[10  9  8  7  7  6  6  0  9  8  8  8  6  6  9  7  7  0  8  8]
 [10  9  8  7  7  6  6  0  9  8  8  8  6  6  9  7  7  0  9  8]
 [10  9  8  7  7  6  6  8  9  8  8  8  6  6  9  7  7  0  9  8]
 [10  9  8  8  7  6  6  6  9  8  8  8  8  6 10  9  7  0  9  8]
 [10  9  8  8  7  6  6  6 10  8  8  8  8  6 10  9  7  0  9  8]
 [10 10  9  8  7  7  6  6 10  9  8  8  8  6 10  9  7  7  9  8]]
Filling 1.0 things for dest 6
[[10  9  8  7  7  6  6  0  9  8  8  8  6  6  9  7  7  0  8  8]
 [10  9  8  7  7  6  6  6  9  8  8  8  6  6  9  7  7  0  9  8]
 [10  9  8  7  7  6  6  8  9  8  8  8  6  6  9  7  7  0  9  8]
 [10  9  8  8  7  6  6  6  9  8  8  8  8  6 10  9  7  0  9  8]
 [10  9  8  8  7  6  6  6 10  8  8  8  8  6 10  9  7  0  9  8]
 [10 10  9  8  7  7  6  6 10  9  8  8  8  6 10  9  7  7  9  8]]
Leaving 6
A cost was incurred at 7,2
[[10  9  8  7  7  0  0  0  9  8  8  8  0  0  9  7  7  0  8  8]
 [10  9  8  7  7  0  0  0  9  8  8  8  0  0  9  7  7  0  9  8]
 [10  9  8  7  7  0  0  0  9  8  8  8  0  0  9  7  7  0  9  8]
 [10  9  8  8  7  0  0  0  9  8  8  8  8  0 10  9  7  0  9  8]
 [10  9  8  8  7  0  0  0 10  8  8  8  8  0 10  9  7  0  9  8]
 [10 10  9  8  7  7  0  0 10  9  8  8  8  0 10  9  7  7  9  8]]
Filling 0.0 things for dest 10
[[10  9  8  7  7  0  0  0  9  8  8  8  0  0  9  7  7  0  8  8]
 [10  9  8  7  7  0  0  0  9  8  8  8  0  0  9  7  7  0  9  8]
 [10  9  8  7  7  0  0  0  9  8  8  8  0  0  9  7  7  0  9  8]
 [10  9  8  8  7  0  0  0  9  8  8  8  8  0 10  9  7  0  9  8]
 [10  9  8  8  7  0  0  0 10  8  8  8  8  0 10  9  7  0  9  8]
 [10 10  9  8  7  7  0  0 10  9  8  8  8  0 10  9  7  7  9  8]]
Filling 2.0 things for dest 9
[[10  9  8  7  7  0  0  0  9  8  8  8  0  0  9  7  7  0  8  8]
 [10  9  8  7  7  0  0  0  9  8  8  8  0  0  9  7  7  0  9  8]
 [10  9  8  7  7  0  0  0  9  8  8  8  0  0  9  7  7  0  9  8]
 [10  9  8  8  7  0  0  0  9  8  8  8  8  0 10  9  7  0  9  8]
 [10  9  8  8  7  0  9  0 10  8  8  8  8  0 10  9  7  0  9  8]
 [10 10  9  8  7  7  9  0 10  9  8  8  8  0 10  9  7  7  9  8]]
Filling 18.0 things for dest 8
[[10  9  8  7  7  0  8  8  9  8  8  8  8  0  9  7  7  0  8  8]
 [10  9  8  7  7  0  8  8  9  8  8  8  8  8  9  7  7  0  9  8]
 [10  9  8  7  7  0  8  8  9  8  8  8  8  8  9  7  7  0  9  8]
 [10  9  8  8  7  0  8  8  9  8  8  8  8  8 10  9  7  0  9  8]
 [10  9  8  8  7  0  9  8 10  8  8  8  8  8 10  9  7  0  9  8]
 [10 10  9  8  7  7  9  8 10  9  8  8  8  8 10  9  7  7  9  8]]
Filling 6.0 things for dest 7
[[10  9  8  7  7  7  8  8  9  8  8  8  8  7  9  7  7  0  8  8]
 [10  9  8  7  7  7  8  8  9  8  8  8  8  8  9  7  7  0  9  8]
 [10  9  8  7  7  7  8  8  9  8  8  8  8  8  9  7  7  0  9  8]
 [10  9  8  8  7  7  8  8  9  8  8  8  8  8 10  9  7  0  9  8]
 [10  9  8  8  7  7  9  8 10  8  8  8  8  8 10  9  7  0  9  8]
 [10 10  9  8  7  7  9  8 10  9  8  8  8  8 10  9  7  7  9  8]]
Leaving 7
[[10  9  8  0  0  0  8  8  9  8  8  8  8  0  9  0  0  0  8  8]
 [10  9  8  0  0  0  8  8  9  8  8  8  8  8  9  0  0  0  9  8]
 [10  9  8  0  0  0  8  8  9  8  8  8  8  8  9  0  0  0  9  8]
 [10  9  8  8  0  0  8  8  9  8  8  8  8  8 10  9  0  0  9  8]
 [10  9  8  8  0  0  9  8 10  8  8  8  8  8 10  9  0  0  9  8]
 [10 10  9  8  0  0  9  8 10  9  8  8  8  8 10  9  0  0  9  8]]
Filling 0.0 things for dest 10
[[10  9  8  0  0  0  8  8  9  8  8  8  8  0  9  0  0  0  8  8]
 [10  9  8  0  0  0  8  8  9  8  8  8  8  8  9  0  0  0  9  8]
 [10  9  8  0  0  0  8  8  9  8  8  8  8  8  9  0  0  0  9  8]
 [10  9  8  8  0  0  8  8  9  8  8  8  8  8 10  9  0  0  9  8]
 [10  9  8  8  0  0  9  8 10  8  8  8  8  8 10  9  0  0  9  8]
 [10 10  9  8  0  0  9  8 10  9  8  8  8  8 10  9  0  0  9  8]]
Filling 0.0 things for dest 9
[[10  9  8  0  0  0  8  8  9  8  8  8  8  0  9  0  0  0  8  8]
 [10  9  8  0  0  0  8  8  9  8  8  8  8  8  9  0  0  0  9  8]
 [10  9  8  0  0  0  8  8  9  8  8  8  8  8  9  0  0  0  9  8]
 [10  9  8  8  0  0  8  8  9  8  8  8  8  8 10  9  0  0  9  8]
 [10  9  8  8  0  0  9  8 10  8  8  8  8  8 10  9  0  0  9  8]
 [10 10  9  8  0  0  9  8 10  9  8  8  8  8 10  9  0  0  9  8]]
Filling 3.0 things for dest 8
[[10  9  8  0  0  0  8  8  9  8  8  8  8  8  9  0  0  0  8  8]
 [10  9  8  8  0  0  8  8  9  8  8  8  8  8  9  0  0  0  9  8]
 [10  9  8  8  0  0  8  8  9  8  8  8  8  8  9  0  0  0  9  8]
 [10  9  8  8  0  0  8  8  9  8  8  8  8  8 10  9  0  0  9  8]
 [10  9  8  8  0  0  9  8 10  8  8  8  8  8 10  9  0  0  9  8]
 [10 10  9  8  0  0  9  8 10  9  8  8  8  8 10  9  0  0  9  8]]
Leaving 8
[[10  9  0  0  0  0  0  0  9  0  0  0  0  0  9  0  0  0  0  0]
 [10  9  0  0  0  0  0  0  9  0  0  0  0  0  9  0  0  0  9  0]
 [10  9  0  0  0  0  0  0  9  0  0  0  0  0  9  0  0  0  9  0]
 [10  9  0  0  0  0  0  0  9  0  0  0  0  0 10  9  0  0  9  0]
 [10  9  0  0  0  0  9  0 10  0  0  0  0  0 10  9  0  0  9  0]
 [10 10  9  0  0  0  9  0 10  9  0  0  0  0 10  9  0  0  9  0]]
Filling 0.0 things for dest 10
[[10  9  0  0  0  0  0  0  9  0  0  0  0  0  9  0  0  0  0  0]
 [10  9  0  0  0  0  0  0  9  0  0  0  0  0  9  0  0  0  9  0]
 [10  9  0  0  0  0  0  0  9  0  0  0  0  0  9  0  0  0  9  0]
 [10  9  0  0  0  0  0  0  9  0  0  0  0  0 10  9  0  0  9  0]
 [10  9  0  0  0  0  9  0 10  0  0  0  0  0 10  9  0  0  9  0]
 [10 10  9  0  0  0  9  0 10  9  0  0  0  0 10  9  0  0  9  0]]
Filling 16.0 things for dest 9
[[10  9  9  0  0  0  9  0  9  0  0  0  0  0  9  9  0  0  9  0]
 [10  9  9  0  0  0  9  0  9  0  0  0  0  0  9  9  0  0  9  0]
 [10  9  9  0  0  0  9  0  9  9  0  0  0  0  9  9  0  0  9  0]
 [10  9  9  0  0  0  9  0  9  9  0  0  0  0 10  9  0  0  9  0]
 [10  9  9  0  0  0  9  0 10  9  0  0  0  0 10  9  0  0  9  0]
 [10 10  9  0  0  0  9  0 10  9  0  0  0  0 10  9  0  0  9  0]]
Leaving 9
[[10  0  0  0  0  0  0  0  0  0  0  0  0  0  0  0  0  0  0  0]
 [10  0  0  0  0  0  0  0  0  0  0  0  0  0  0  0  0  0  0  0]
 [10  0  0  0  0  0  0  0  0  0  0  0  0  0  0  0  0  0  0  0]
 [10  0  0  0  0  0  0  0  0  0  0  0  0  0 10  0  0  0  0  0]
 [10  0  0  0  0  0  0  0 10  0  0  0  0  0 10  0  0  0  0  0]
 [10 10  0  0  0  0  0  0 10  0  0  0  0  0 10  0  0  0  0  0]]
Filling 2.0 things for dest 10
[[10  0  0  0  0  0  0  0  0  0  0  0  0  0  0  0  0  0  0  0]
 [10  0  0  0  0  0  0  0  0  0  0  0  0  0 10  0  0  0  0  0]
 [10  0  0  0  0  0  0  0  0  0  0  0  0  0 10  0  0  0  0  0]
 [10  0  0  0  0  0  0  0  0  0  0  0  0  0 10  0  0  0  0  0]
 [10  0  0  0  0  0  0  0 10  0  0  0  0  0 10  0  0  0  0  0]
 [10 10  0  0  0  0  0  0 10  0  0  0  0  0 10  0  0  0  0  0]]
Leaving 10
[[0 0 0 0 0 0 0 0 0 0 0 0 0 0 0 0 0 0 0 0]
 [0 0 0 0 0 0 0 0 0 0 0 0 0 0 0 0 0 0 0 0]
 [0 0 0 0 0 0 0 0 0 0 0 0 0 0 0 0 0 0 0 0]
 [0 0 0 0 0 0 0 0 0 0 0 0 0 0 0 0 0 0 0 0]
 [0 0 0 0 0 0 0 0 0 0 0 0 0 0 0 0 0 0 0 0]
 [0 0 0 0 0 0 0 0 0 0 0 0 0 0 0 0 0 0 0 0]]
The cost for this trip is 2