Leaving 1
[[0 0 0 0 0 0 0 0 0 0]
 [0 0 0 0 0 0 0 0 0 0]
 [0 0 0 0 0 0 0 0 0 0]
 [0 0 0 0 0 0 0 0 0 0]]
Filling 2.0 things for dest 10
[[ 0  0  0  0  0  0  0  0  0  0]
 [ 0  0  0  0  0  0  0  0  0  0]
 [10  0  0  0  0  0  0  0  0  0]
 [10  0  0  0  0  0  0  0  0  0]]
Filling 0.0 things for dest 9
[[ 0  0  0  0  0  0  0  0  0  0]
 [ 0  0  0  0  0  0  0  0  0  0]
 [10  0  0  0  0  0  0  0  0  0]
 [10  0  0  0  0  0  0  0  0  0]]
Filling 5.0 things for dest 8
[[ 8  0  0  0  0  0  0  0  0  0]
 [ 8  8  0  0  0  0  0  0  0  0]
 [10  8  0  0  0  0  0  0  0  0]
 [10  8  0  0  0  0  0  0  0  0]]
Filling 0.0 things for dest 7
[[ 8  0  0  0  0  0  0  0  0  0]
 [ 8  8  0  0  0  0  0  0  0  0]
 [10  8  0  0  0  0  0  0  0  0]
 [10  8  0  0  0  0  0  0  0  0]]
Filling 1.0 things for dest 6
[[ 8  6  0  0  0  0  0  0  0  0]
 [ 8  8  0  0  0  0  0  0  0  0]
 [10  8  0  0  0  0  0  0  0  0]
 [10  8  0  0  0  0  0  0  0  0]]
Filling 2.0 things for dest 5
[[ 8  6  0  0  0  0  0  0  0  0]
 [ 8  8  0  0  0  0  0  0  0  0]
 [10  8  5  0  0  0  0  0  0  0]
 [10  8  5  0  0  0  0  0  0  0]]
Filling 5.0 things for dest 4
[[ 8  6  4  0  0  0  0  0  0  0]
 [ 8  8  4  4  0  0  0  0  0  0]
 [10  8  5  4  0  0  0  0  0  0]
 [10  8  5  4  0  0  0  0  0  0]]
Filling 0.0 things for dest 3
[[ 8  6  4  0  0  0  0  0  0  0]
 [ 8  8  4  4  0  0  0  0  0  0]
 [10  8  5  4  0  0  0  0  0  0]
 [10  8  5  4  0  0  0  0  0  0]]
Filling 3.0 things for dest 2
[[ 8  6  4  2  0  0  0  0  0  0]
 [ 8  8  4  4  0  0  0  0  0  0]
 [10  8  5  4  2  0  0  0  0  0]
 [10  8  5  4  2  0  0  0  0  0]]
Leaving 2
[[ 8  6  4  0  0  0  0  0  0  0]
 [ 8  8  4  4  0  0  0  0  0  0]
 [10  8  5  4  0  0  0  0  0  0]
 [10  8  5  4  0  0  0  0  0  0]]
Filling 2.0 things for dest 10
[[ 8  6  4  0  0  0  0  0  0  0]
 [ 8  8  4  4  0  0  0  0  0  0]
 [10  8  5  4 10  0  0  0  0  0]
 [10  8  5  4 10  0  0  0  0  0]]
Filling 0.0 things for dest 9
[[ 8  6  4  0  0  0  0  0  0  0]
 [ 8  8  4  4  0  0  0  0  0  0]
 [10  8  5  4 10  0  0  0  0  0]
 [10  8  5  4 10  0  0  0  0  0]]
Filling 3.0 things for dest 8
[[ 8  6  4  0  8  0  0  0  0  0]
 [ 8  8  4  4  8  0  0  0  0  0]
 [10  8  5  4 10  0  0  0  0  0]
 [10  8  5  4 10  8  0  0  0  0]]
Filling 0.0 things for dest 7
[[ 8  6  4  0  8  0  0  0  0  0]
 [ 8  8  4  4  8  0  0  0  0  0]
 [10  8  5  4 10  0  0  0  0  0]
 [10  8  5  4 10  8  0  0  0  0]]
Filling 3.0 things for dest 6
[[ 8  6  4  0  8  6  0  0  0  0]
 [ 8  8  4  4  8  6  0  0  0  0]
 [10  8  5  4 10  6  0  0  0  0]
 [10  8  5  4 10  8  0  0  0  0]]
Filling 0.0 things for dest 5
[[ 8  6  4  0  8  6  0  0  0  0]
 [ 8  8  4  4  8  6  0  0  0  0]
 [10  8  5  4 10  6  0  0  0  0]
 [10  8  5  4 10  8  0  0  0  0]]
Filling 1.0 things for dest 4
[[ 8  6  4  4  8  6  0  0  0  0]
 [ 8  8  4  4  8  6  0  0  0  0]
 [10  8  5  4 10  6  0  0  0  0]
 [10  8  5  4 10  8  0  0  0  0]]
Filling 7.0 things for dest 3
[[ 8  6  4  4  8  6  3  0  0  0]
 [ 8  8  4  4  8  6  3  3  0  0]
 [10  8  5  4 10  6  3  3  0  0]
 [10  8  5  4 10  8  3  3  0  0]]
Leaving 3
[[ 8  6  4  4  8  6  0  0  0  0]
 [ 8  8  4  4  8  6  0  0  0  0]
 [10  8  5  4 10  6  0  0  0  0]
 [10  8  5  4 10  8  0  0  0  0]]
Filling 5.0 things for dest 10
[[ 8  6  4  4  8  6 10  0  0  0]
 [ 8  8  4  4  8  6 10  0  0  0]
 [10  8  5  4 10  6 10  0  0  0]
 [10  8  5  4 10  8 10 10  0  0]]
Filling 2.0 things for dest 9
[[ 8  6  4  4  8  6 10  0  0  0]
 [ 8  8  4  4  8  6 10  9  0  0]
 [10  8  5  4 10  6 10  9  0  0]
 [10  8  5  4 10  8 10 10  0  0]]
Filling 0.0 things for dest 8
[[ 8  6  4  4  8  6 10  0  0  0]
 [ 8  8  4  4  8  6 10  9  0  0]
 [10  8  5  4 10  6 10  9  0  0]
 [10  8  5  4 10  8 10 10  0  0]]
Filling 4.0 things for dest 7
[[ 8  6  4  4  8  6 10  7  0  0]
 [ 8  8  4  4  8  6 10  9  7  0]
 [10  8  5  4 10  6 10  9  7  0]
 [10  8  5  4 10  8 10 10  7  0]]
Filling 0.0 things for dest 6
[[ 8  6  4  4  8  6 10  7  0  0]
 [ 8  8  4  4  8  6 10  9  7  0]
 [10  8  5  4 10  6 10  9  7  0]
 [10  8  5  4 10  8 10 10  7  0]]
Filling 0.0 things for dest 5
[[ 8  6  4  4  8  6 10  7  0  0]
 [ 8  8  4  4  8  6 10  9  7  0]
 [10  8  5  4 10  6 10  9  7  0]
 [10  8  5  4 10  8 10 10  7  0]]
Filling 0.0 things for dest 4
[[ 8  6  4  4  8  6 10  7  0  0]
 [ 8  8  4  4  8  6 10  9  7  0]
 [10  8  5  4 10  6 10  9  7  0]
 [10  8  5  4 10  8 10 10  7  0]]
Leaving 4
[[ 8  6  0  0  8  6 10  7  0  0]
 [ 8  8  0  0  8  6 10  9  7  0]
 [10  8  5  0 10  6 10  9  7  0]
 [10  8  5  0 10  8 10 10  7  0]]
Filling 3.0 things for dest 10
[[ 8  6  0  0  8  6 10  7  0  0]
 [ 8  8  0 10  8  6 10  9  7  0]
 [10  8  5 10 10  6 10  9  7  0]
 [10  8  5 10 10  8 10 10  7  0]]
Filling 4.0 things for dest 9
[[ 8  6  0  9  8  6 10  7  0  0]
 [ 8  8  0 10  8  6 10  9  7  9]
 [10  8  5 10 10  6 10  9  7  9]
 [10  8  5 10 10  8 10 10  7  9]]
Filling 0.0 things for dest 8
[[ 8  6  0  9  8  6 10  7  0  0]
 [ 8  8  0 10  8  6 10  9  7  9]
 [10  8  5 10 10  6 10  9  7  9]
 [10  8  5 10 10  8 10 10  7  9]]
Filling 0.0 things for dest 7
[[ 8  6  0  9  8  6 10  7  0  0]
 [ 8  8  0 10  8  6 10  9  7  9]
 [10  8  5 10 10  6 10  9  7  9]
 [10  8  5 10 10  8 10 10  7  9]]
Filling 2.0 things for dest 6
[[ 8  6  0  9  8  6 10  7  6  6]
 [ 8  8  0 10  8  6 10  9  7  9]
 [10  8  5 10 10  6 10  9  7  9]
 [10  8  5 10 10  8 10 10  7  9]]
Filling 1.0 things for dest 5
[[ 8  6  0  9  8  6 10  7  6  6]
 [ 8  8  5 10  8  6 10  9  7  9]
 [10  8  5 10 10  6 10  9  7  9]
 [10  8  5 10 10  8 10 10  7  9]]
Leaving 5
[[ 8  6  0  9  8  6 10  7  6  6]
 [ 8  8  0 10  8  6 10  9  7  9]
 [10  8  0 10 10  6 10  9  7  9]
 [10  8  0 10 10  8 10 10  7  9]]
Filling 0.0 things for dest 10
[[ 8  6  0  9  8  6 10  7  6  6]
 [ 8  8  0 10  8  6 10  9  7  9]
 [10  8  0 10 10  6 10  9  7  9]
 [10  8  0 10 10  8 10 10  7  9]]
Filling 2.0 things for dest 9
[[ 8  6  0  9  8  6 10  7  6  6]
 [ 8  8  0 10  8  6 10  9  7  9]
 [10  8  9 10 10  6 10  9  7  9]
 [10  8  9 10 10  8 10 10  7  9]]
Filling 0.0 things for dest 8
[[ 8  6  0  9  8  6 10  7  6  6]
 [ 8  8  0 10  8  6 10  9  7  9]
 [10  8  9 10 10  6 10  9  7  9]
 [10  8  9 10 10  8 10 10  7  9]]
Filling 2.0 things for dest 7
[[ 8  6  7  9  8  6 10  7  6  6]
 [ 8  8  7 10  8  6 10  9  7  9]
 [10  8  9 10 10  6 10  9  7  9]
 [10  8  9 10 10  8 10 10  7  9]]
Filling 0.0 things for dest 6
[[ 8  6  7  9  8  6 10  7  6  6]
 [ 8  8  7 10  8  6 10  9  7  9]
 [10  8  9 10 10  6 10  9  7  9]
 [10  8  9 10 10  8 10 10  7  9]]
Leaving 6
[[ 8  0  7  9  8  0 10  7  0  0]
 [ 8  8  7 10  8  0 10  9  7  9]
 [10  8  9 10 10  0 10  9  7  9]
 [10  8  9 10 10  8 10 10  7  9]]
Filling 1.0 things for dest 10
[[ 8  0  7  9  8  0 10  7 10  0]
 [ 8  8  7 10  8  0 10  9  7  9]
 [10  8  9 10 10  0 10  9  7  9]
 [10  8  9 10 10  8 10 10  7  9]]
Filling 1.0 things for dest 9
[[ 8  0  7  9  8  0 10  7 10  9]
 [ 8  8  7 10  8  0 10  9  7  9]
 [10  8  9 10 10  0 10  9  7  9]
 [10  8  9 10 10  8 10 10  7  9]]
Filling 1.0 things for dest 8
[[ 8  8  7  9  8  0 10  7 10  9]
 [ 8  8  7 10  8  0 10  9  7  9]
 [10  8  9 10 10  0 10  9  7  9]
 [10  8  9 10 10  8 10 10  7  9]]
Filling 2.0 things for dest 7
[[ 8  8  7  9  8  0 10  7 10  9]
 [ 8  8  7 10  8  7 10  9  7  9]
 [10  8  9 10 10  7 10  9  7  9]
 [10  8  9 10 10  8 10 10  7  9]]
Leaving 7
A cost was incurred at 8,0
[[ 8  8  0  9  8  0 10  0  0  9]
 [ 8  8  0 10  8  0 10  9  0  9]
 [10  8  9 10 10  0 10  9  0  9]
 [10  8  9 10 10  8 10 10  0  9]]
Filling 1.0 things for dest 10
[[ 8  8  0  9  8  0 10  0  0  9]
 [ 8  8  0 10  8  0 10  9  0  9]
 [10  8  9 10 10  0 10  9  0  9]
 [10  8  9 10 10  8 10 10 10  9]]
Filling 5.0 things for dest 9
[[ 8  8  9  9  8  0 10  9  0  9]
 [ 8  8  9 10  8  0 10  9  9  9]
 [10  8  9 10 10  0 10  9  9  9]
 [10  8  9 10 10  8 10 10 10  9]]
Filling 3.0 things for dest 8
[[ 8  8  9  9  8  0 10  9  8  9]
 [ 8  8  9 10  8  8 10  9  9  9]
 [10  8  9 10 10  8 10  9  9  9]
 [10  8  9 10 10  8 10 10 10  9]]
Leaving 8
[[ 0  0  9  9  0  0 10  9  0  9]
 [ 0  0  9 10  0  0 10  9  9  9]
 [10  0  9 10 10  0 10  9  9  9]
 [10  0  9 10 10  0 10 10 10  9]]
Filling 6.0 things for dest 10
[[10  0  9  9 10  0 10  9  0  9]
 [10  0  9 10 10  0 10  9  9  9]
 [10 10  9 10 10  0 10  9  9  9]
 [10 10  9 10 10  0 10 10 10  9]]
Filling 5.0 things for dest 9
[[10  9  9  9 10  0 10  9  9  9]
 [10  9  9 10 10  0 10  9  9  9]
 [10 10  9 10 10  9 10  9  9  9]
 [10 10  9 10 10  9 10 10 10  9]]
Leaving 9
[[10  0  0  0 10  0 10  0  0  0]
 [10  0  0 10 10  0 10  0  0  0]
 [10 10  0 10 10  0 10  0  0  0]
 [10 10  0 10 10  0 10 10 10  0]]
Filling 7.0 things for dest 10
[[10 10  0 10 10  0 10 10  0  0]
 [10 10  0 10 10  0 10 10  0  0]
 [10 10  0 10 10  0 10 10 10  0]
 [10 10  0 10 10  0 10 10 10  0]]
Leaving 10
[[0 0 0 0 0 0 0 0 0 0]
 [0 0 0 0 0 0 0 0 0 0]
 [0 0 0 0 0 0 0 0 0 0]
 [0 0 0 0 0 0 0 0 0 0]]
The cost for this trip is 1