Leaving 1
[[0 0 0 0 0 0 0 0 0 0]
 [0 0 0 0 0 0 0 0 0 0]
 [0 0 0 0 0 0 0 0 0 0]
 [0 0 0 0 0 0 0 0 0 0]]
Filling 6.0 things for dest 6
[[6 0 0 0 0 0 0 0 0 0]
 [6 0 0 0 0 0 0 0 0 0]
 [6 6 0 0 0 0 0 0 0 0]
 [6 6 0 0 0 0 0 0 0 0]]
Filling 4.0 things for dest 5
[[6 5 0 0 0 0 0 0 0 0]
 [6 5 0 0 0 0 0 0 0 0]
 [6 6 5 0 0 0 0 0 0 0]
 [6 6 5 0 0 0 0 0 0 0]]
Filling 4.0 things for dest 4
[[6 5 4 0 0 0 0 0 0 0]
 [6 5 4 0 0 0 0 0 0 0]
 [6 6 5 4 0 0 0 0 0 0]
 [6 6 5 4 0 0 0 0 0 0]]
Filling 5.0 things for dest 3
[[6 5 4 3 0 0 0 0 0 0]
 [6 5 4 3 3 0 0 0 0 0]
 [6 6 5 4 3 0 0 0 0 0]
 [6 6 5 4 3 0 0 0 0 0]]
Filling 3.0 things for dest 2
[[6 5 4 3 2 0 0 0 0 0]
 [6 5 4 3 3 0 0 0 0 0]
 [6 6 5 4 3 2 0 0 0 0]
 [6 6 5 4 3 2 0 0 0 0]]
Leaving 2
[[6 5 4 3 0 0 0 0 0 0]
 [6 5 4 3 3 0 0 0 0 0]
 [6 6 5 4 3 0 0 0 0 0]
 [6 6 5 4 3 0 0 0 0 0]]
Filling 5.0 things for dest 6
[[6 5 4 3 0 6 0 0 0 0]
 [6 5 4 3 3 6 0 0 0 0]
 [6 6 5 4 3 6 0 0 0 0]
 [6 6 5 4 3 6 6 0 0 0]]
Filling 2.0 things for dest 5
[[6 5 4 3 0 6 0 0 0 0]
 [6 5 4 3 3 6 5 0 0 0]
 [6 6 5 4 3 6 5 0 0 0]
 [6 6 5 4 3 6 6 0 0 0]]
Filling 3.0 things for dest 4
[[6 5 4 3 0 6 4 0 0 0]
 [6 5 4 3 3 6 5 0 0 0]
 [6 6 5 4 3 6 5 4 0 0]
 [6 6 5 4 3 6 6 4 0 0]]
Filling 7.0 things for dest 3
[[6 5 4 3 3 6 4 3 3 0]
 [6 5 4 3 3 6 5 3 3 0]
 [6 6 5 4 3 6 5 4 3 0]
 [6 6 5 4 3 6 6 4 3 0]]
Leaving 3
[[6 5 4 0 0 6 4 0 0 0]
 [6 5 4 0 0 6 5 0 0 0]
 [6 6 5 4 0 6 5 4 0 0]
 [6 6 5 4 0 6 6 4 0 0]]
Filling 0.0 things for dest 6
[[6 5 4 0 0 6 4 0 0 0]
 [6 5 4 0 0 6 5 0 0 0]
 [6 6 5 4 0 6 5 4 0 0]
 [6 6 5 4 0 6 6 4 0 0]]
Filling 1.0 things for dest 5
[[6 5 4 0 0 6 4 0 0 0]
 [6 5 4 0 0 6 5 0 0 0]
 [6 6 5 4 0 6 5 4 0 0]
 [6 6 5 4 5 6 6 4 0 0]]
Filling 0.0 things for dest 4
[[6 5 4 0 0 6 4 0 0 0]
 [6 5 4 0 0 6 5 0 0 0]
 [6 6 5 4 0 6 5 4 0 0]
 [6 6 5 4 5 6 6 4 0 0]]
Leaving 4
[[6 5 0 0 0 6 0 0 0 0]
 [6 5 0 0 0 6 5 0 0 0]
 [6 6 5 0 0 6 5 0 0 0]
 [6 6 5 0 5 6 6 0 0 0]]
Filling 4.0 things for dest 6
[[6 5 0 6 0 6 0 0 0 0]
 [6 5 0 6 0 6 5 0 0 0]
 [6 6 5 6 0 6 5 0 0 0]
 [6 6 5 6 5 6 6 0 0 0]]
Filling 6.0 things for dest 5
[[6 5 5 6 5 6 5 0 0 0]
 [6 5 5 6 5 6 5 0 0 0]
 [6 6 5 6 5 6 5 0 0 0]
 [6 6 5 6 5 6 6 0 0 0]]
Leaving 5
[[6 0 0 6 0 6 0 0 0 0]
 [6 0 0 6 0 6 0 0 0 0]
 [6 6 0 6 0 6 0 0 0 0]
 [6 6 0 6 0 6 6 0 0 0]]
Filling 1.0 things for dest 6
[[6 0 0 6 0 6 0 0 0 0]
 [6 6 0 6 0 6 0 0 0 0]
 [6 6 0 6 0 6 0 0 0 0]
 [6 6 0 6 0 6 6 0 0 0]]
Leaving 6
[[0 0 0 0 0 0 0 0 0 0]
 [0 0 0 0 0 0 0 0 0 0]
 [0 0 0 0 0 0 0 0 0 0]
 [0 0 0 0 0 0 0 0 0 0]]
The cost for this trip is 0