Leaving 1
[[0 0 0 0 0 0 0 0 0 0 0 0 0 0 0 0 0 0 0 0]
 [0 0 0 0 0 0 0 0 0 0 0 0 0 0 0 0 0 0 0 0]
 [0 0 0 0 0 0 0 0 0 0 0 0 0 0 0 0 0 0 0 0]
 [0 0 0 0 0 0 0 0 0 0 0 0 0 0 0 0 0 0 0 0]
 [0 0 0 0 0 0 0 0 0 0 0 0 0 0 0 0 0 0 0 0]
 [0 0 0 0 0 0 0 0 0 0 0 0 0 0 0 0 0 0 0 0]]
Filling 2.0 things for dest 10
[[ 0  0  0  0  0  0  0  0  0  0  0  0  0  0  0  0  0  0  0  0]
 [ 0  0  0  0  0  0  0  0  0  0  0  0  0  0  0  0  0  0  0  0]
 [ 0  0  0  0  0  0  0  0  0  0  0  0  0  0  0  0  0  0  0  0]
 [ 0  0  0  0  0  0  0  0  0  0  0  0  0  0  0  0  0  0  0  0]
 [10  0  0  0  0  0  0  0  0  0  0  0  0  0  0  0  0  0  0  0]
 [10  0  0  0  0  0  0  0  0  0  0  0  0  0  0  0  0  0  0  0]]
Filling 10.0 things for dest 9
[[ 9  9  0  0  0  0  0  0  0  0  0  0  0  0  0  0  0  0  0  0]
 [ 9  9  0  0  0  0  0  0  0  0  0  0  0  0  0  0  0  0  0  0]
 [ 9  9  0  0  0  0  0  0  0  0  0  0  0  0  0  0  0  0  0  0]
 [ 9  9  0  0  0  0  0  0  0  0  0  0  0  0  0  0  0  0  0  0]
 [10  9  0  0  0  0  0  0  0  0  0  0  0  0  0  0  0  0  0  0]
 [10  9  0  0  0  0  0  0  0  0  0  0  0  0  0  0  0  0  0  0]]
Filling 9.0 things for dest 8
[[ 9  9  8  0  0  0  0  0  0  0  0  0  0  0  0  0  0  0  0  0]
 [ 9  9  8  0  0  0  0  0  0  0  0  0  0  0  0  0  0  0  0  0]
 [ 9  9  8  0  0  0  0  0  0  0  0  0  0  0  0  0  0  0  0  0]
 [ 9  9  8  8  0  0  0  0  0  0  0  0  0  0  0  0  0  0  0  0]
 [10  9  8  8  0  0  0  0  0  0  0  0  0  0  0  0  0  0  0  0]
 [10  9  8  8  0  0  0  0  0  0  0  0  0  0  0  0  0  0  0  0]]
Filling 3.0 things for dest 7
[[ 9  9  8  7  0  0  0  0  0  0  0  0  0  0  0  0  0  0  0  0]
 [ 9  9  8  7  0  0  0  0  0  0  0  0  0  0  0  0  0  0  0  0]
 [ 9  9  8  7  0  0  0  0  0  0  0  0  0  0  0  0  0  0  0  0]
 [ 9  9  8  8  0  0  0  0  0  0  0  0  0  0  0  0  0  0  0  0]
 [10  9  8  8  0  0  0  0  0  0  0  0  0  0  0  0  0  0  0  0]
 [10  9  8  8  0  0  0  0  0  0  0  0  0  0  0  0  0  0  0  0]]
Filling 5.0 things for dest 6
[[ 9  9  8  7  0  0  0  0  0  0  0  0  0  0  0  0  0  0  0  0]
 [ 9  9  8  7  6  0  0  0  0  0  0  0  0  0  0  0  0  0  0  0]
 [ 9  9  8  7  6  0  0  0  0  0  0  0  0  0  0  0  0  0  0  0]
 [ 9  9  8  8  6  0  0  0  0  0  0  0  0  0  0  0  0  0  0  0]
 [10  9  8  8  6  0  0  0  0  0  0  0  0  0  0  0  0  0  0  0]
 [10  9  8  8  6  0  0  0  0  0  0  0  0  0  0  0  0  0  0  0]]
Filling 12.0 things for dest 5
[[ 9  9  8  7  5  5  0  0  0  0  0  0  0  0  0  0  0  0  0  0]
 [ 9  9  8  7  6  5  5  0  0  0  0  0  0  0  0  0  0  0  0  0]
 [ 9  9  8  7  6  5  5  0  0  0  0  0  0  0  0  0  0  0  0  0]
 [ 9  9  8  8  6  5  5  0  0  0  0  0  0  0  0  0  0  0  0  0]
 [10  9  8  8  6  5  5  0  0  0  0  0  0  0  0  0  0  0  0  0]
 [10  9  8  8  6  5  5  0  0  0  0  0  0  0  0  0  0  0  0  0]]
Filling 3.0 things for dest 4
[[ 9  9  8  7  5  5  4  0  0  0  0  0  0  0  0  0  0  0  0  0]
 [ 9  9  8  7  6  5  5  0  0  0  0  0  0  0  0  0  0  0  0  0]
 [ 9  9  8  7  6  5  5  0  0  0  0  0  0  0  0  0  0  0  0  0]
 [ 9  9  8  8  6  5  5  0  0  0  0  0  0  0  0  0  0  0  0  0]
 [10  9  8  8  6  5  5  4  0  0  0  0  0  0  0  0  0  0  0  0]
 [10  9  8  8  6  5  5  4  0  0  0  0  0  0  0  0  0  0  0  0]]
Filling 11.0 things for dest 3
[[ 9  9  8  7  5  5  4  3  3  0  0  0  0  0  0  0  0  0  0  0]
 [ 9  9  8  7  6  5  5  3  3  0  0  0  0  0  0  0  0  0  0  0]
 [ 9  9  8  7  6  5  5  3  3  0  0  0  0  0  0  0  0  0  0  0]
 [ 9  9  8  8  6  5  5  3  3  0  0  0  0  0  0  0  0  0  0  0]
 [10  9  8  8  6  5  5  4  3  0  0  0  0  0  0  0  0  0  0  0]
 [10  9  8  8  6  5  5  4  3  3  0  0  0  0  0  0  0  0  0  0]]
Filling 6.0 things for dest 2
[[ 9  9  8  7  5  5  4  3  3  2  0  0  0  0  0  0  0  0  0  0]
 [ 9  9  8  7  6  5  5  3  3  2  0  0  0  0  0  0  0  0  0  0]
 [ 9  9  8  7  6  5  5  3  3  2  0  0  0  0  0  0  0  0  0  0]
 [ 9  9  8  8  6  5  5  3  3  2  0  0  0  0  0  0  0  0  0  0]
 [10  9  8  8  6  5  5  4  3  2  0  0  0  0  0  0  0  0  0  0]
 [10  9  8  8  6  5  5  4  3  3  2  0  0  0  0  0  0  0  0  0]]
Leaving 2
[[ 9  9  8  7  5  5  4  3  3  0  0  0  0  0  0  0  0  0  0  0]
 [ 9  9  8  7  6  5  5  3  3  0  0  0  0  0  0  0  0  0  0  0]
 [ 9  9  8  7  6  5  5  3  3  0  0  0  0  0  0  0  0  0  0  0]
 [ 9  9  8  8  6  5  5  3  3  0  0  0  0  0  0  0  0  0  0  0]
 [10  9  8  8  6  5  5  4  3  0  0  0  0  0  0  0  0  0  0  0]
 [10  9  8  8  6  5  5  4  3  3  0  0  0  0  0  0  0  0  0  0]]
Filling 3.0 things for dest 10
[[ 9  9  8  7  5  5  4  3  3  0  0  0  0  0  0  0  0  0  0  0]
 [ 9  9  8  7  6  5  5  3  3  0  0  0  0  0  0  0  0  0  0  0]
 [ 9  9  8  7  6  5  5  3  3  0  0  0  0  0  0  0  0  0  0  0]
 [ 9  9  8  8  6  5  5  3  3  0 10  0  0  0  0  0  0  0  0  0]
 [10  9  8  8  6  5  5  4  3  0 10  0  0  0  0  0  0  0  0  0]
 [10  9  8  8  6  5  5  4  3  3 10  0  0  0  0  0  0  0  0  0]]
Filling 12.0 things for dest 9
[[ 9  9  8  7  5  5  4  3  3  0  9  9  0  0  0  0  0  0  0  0]
 [ 9  9  8  7  6  5  5  3  3  0  9  9  0  0  0  0  0  0  0  0]
 [ 9  9  8  7  6  5  5  3  3  0  9  9  0  0  0  0  0  0  0  0]
 [ 9  9  8  8  6  5  5  3  3  0 10  9  9  0  0  0  0  0  0  0]
 [10  9  8  8  6  5  5  4  3  0 10  9  9  0  0  0  0  0  0  0]
 [10  9  8  8  6  5  5  4  3  3 10  9  9  0  0  0  0  0  0  0]]
Filling 8.0 things for dest 8
[[ 9  9  8  7  5  5  4  3  3  0  9  9  8  0  0  0  0  0  0  0]
 [ 9  9  8  7  6  5  5  3  3  0  9  9  8  8  0  0  0  0  0  0]
 [ 9  9  8  7  6  5  5  3  3  0  9  9  8  8  0  0  0  0  0  0]
 [ 9  9  8  8  6  5  5  3  3  0 10  9  9  8  0  0  0  0  0  0]
 [10  9  8  8  6  5  5  4  3  0 10  9  9  8  0  0  0  0  0  0]
 [10  9  8  8  6  5  5  4  3  3 10  9  9  8  0  0  0  0  0  0]]
Filling 4.0 things for dest 7
[[ 9  9  8  7  5  5  4  3  3  0  9  9  8  7  0  0  0  0  0  0]
 [ 9  9  8  7  6  5  5  3  3  0  9  9  8  8  0  0  0  0  0  0]
 [ 9  9  8  7  6  5  5  3  3  0  9  9  8  8  0  0  0  0  0  0]
 [ 9  9  8  8  6  5  5  3  3  0 10  9  9  8  7  0  0  0  0  0]
 [10  9  8  8  6  5  5  4  3  0 10  9  9  8  7  0  0  0  0  0]
 [10  9  8  8  6  5  5  4  3  3 10  9  9  8  7  0  0  0  0  0]]
Filling 10.0 things for dest 6
[[ 9  9  8  7  5  5  4  3  3  0  9  9  8  7  6  6  0  0  0  0]
 [ 9  9  8  7  6  5  5  3  3  0  9  9  8  8  6  6  0  0  0  0]
 [ 9  9  8  7  6  5  5  3  3  0  9  9  8  8  6  6  0  0  0  0]
 [ 9  9  8  8  6  5  5  3  3  0 10  9  9  8  7  6  0  0  0  0]
 [10  9  8  8  6  5  5  4  3  0 10  9  9  8  7  6  0  0  0  0]
 [10  9  8  8  6  5  5  4  3  3 10  9  9  8  7  6  6  0  0  0]]
Filling 10.0 things for dest 5
[[ 9  9  8  7  5  5  4  3  3  0  9  9  8  7  6  6  5  0  0  0]
 [ 9  9  8  7  6  5  5  3  3  0  9  9  8  8  6  6  5  5  0  0]
 [ 9  9  8  7  6  5  5  3  3  0  9  9  8  8  6  6  5  5  0  0]
 [ 9  9  8  8  6  5  5  3  3  0 10  9  9  8  7  6  5  5  0  0]
 [10  9  8  8  6  5  5  4  3  0 10  9  9  8  7  6  5  5  0  0]
 [10  9  8  8  6  5  5  4  3  3 10  9  9  8  7  6  6  5  0  0]]
Filling 0.0 things for dest 4
[[ 9  9  8  7  5  5  4  3  3  0  9  9  8  7  6  6  5  0  0  0]
 [ 9  9  8  7  6  5  5  3  3  0  9  9  8  8  6  6  5  5  0  0]
 [ 9  9  8  7  6  5  5  3  3  0  9  9  8  8  6  6  5  5  0  0]
 [ 9  9  8  8  6  5  5  3  3  0 10  9  9  8  7  6  5  5  0  0]
 [10  9  8  8  6  5  5  4  3  0 10  9  9  8  7  6  5  5  0  0]
 [10  9  8  8  6  5  5  4  3  3 10  9  9  8  7  6  6  5  0  0]]
Filling 10.0 things for dest 3
[[ 9  9  8  7  5  5  4  3  3  3  9  9  8  7  6  6  5  3  0  0]
 [ 9  9  8  7  6  5  5  3  3  3  9  9  8  8  6  6  5  5  0  0]
 [ 9  9  8  7  6  5  5  3  3  3  9  9  8  8  6  6  5  5  3  0]
 [ 9  9  8  8  6  5  5  3  3  3 10  9  9  8  7  6  5  5  3  0]
 [10  9  8  8  6  5  5  4  3  3 10  9  9  8  7  6  5  5  3  0]
 [10  9  8  8  6  5  5  4  3  3 10  9  9  8  7  6  6  5  3  0]]
Leaving 3
[[ 9  9  8  7  5  5  4  0  0  0  9  9  8  7  6  6  5  0  0  0]
 [ 9  9  8  7  6  5  5  0  0  0  9  9  8  8  6  6  5  5  0  0]
 [ 9  9  8  7  6  5  5  0  0  0  9  9  8  8  6  6  5  5  0  0]
 [ 9  9  8  8  6  5  5  0  0  0 10  9  9  8  7  6  5  5  0  0]
 [10  9  8  8  6  5  5  4  0  0 10  9  9  8  7  6  5  5  0  0]
 [10  9  8  8  6  5  5  4  0  0 10  9  9  8  7  6  6  5  0  0]]
Filling 3.0 things for dest 10
[[ 9  9  8  7  5  5  4  0  0  0  9  9  8  7  6  6  5  0  0  0]
 [ 9  9  8  7  6  5  5  0  0  0  9  9  8  8  6  6  5  5  0  0]
 [ 9  9  8  7  6  5  5  0  0  0  9  9  8  8  6  6  5  5  0  0]
 [ 9  9  8  8  6  5  5  0 10  0 10  9  9  8  7  6  5  5  0  0]
 [10  9  8  8  6  5  5  4 10  0 10  9  9  8  7  6  5  5  0  0]
 [10  9  8  8  6  5  5  4 10  0 10  9  9  8  7  6  6  5  0  0]]
Filling 0.0 things for dest 9
[[ 9  9  8  7  5  5  4  0  0  0  9  9  8  7  6  6  5  0  0  0]
 [ 9  9  8  7  6  5  5  0  0  0  9  9  8  8  6  6  5  5  0  0]
 [ 9  9  8  7  6  5  5  0  0  0  9  9  8  8  6  6  5  5  0  0]
 [ 9  9  8  8  6  5  5  0 10  0 10  9  9  8  7  6  5  5  0  0]
 [10  9  8  8  6  5  5  4 10  0 10  9  9  8  7  6  5  5  0  0]
 [10  9  8  8  6  5  5  4 10  0 10  9  9  8  7  6  6  5  0  0]]
Filling 0.0 things for dest 8
[[ 9  9  8  7  5  5  4  0  0  0  9  9  8  7  6  6  5  0  0  0]
 [ 9  9  8  7  6  5  5  0  0  0  9  9  8  8  6  6  5  5  0  0]
 [ 9  9  8  7  6  5  5  0  0  0  9  9  8  8  6  6  5  5  0  0]
 [ 9  9  8  8  6  5  5  0 10  0 10  9  9  8  7  6  5  5  0  0]
 [10  9  8  8  6  5  5  4 10  0 10  9  9  8  7  6  5  5  0  0]
 [10  9  8  8  6  5  5  4 10  0 10  9  9  8  7  6  6  5  0  0]]
Filling 11.0 things for dest 7
[[ 9  9  8  7  5  5  4  0  7  7  9  9  8  7  6  6  5  0  0  0]
 [ 9  9  8  7  6  5  5  0  7  7  9  9  8  8  6  6  5  5  0  0]
 [ 9  9  8  7  6  5  5  0  7  7  9  9  8  8  6  6  5  5  0  0]
 [ 9  9  8  8  6  5  5  0 10  7 10  9  9  8  7  6  5  5  0  0]
 [10  9  8  8  6  5  5  4 10  7 10  9  9  8  7  6  5  5  7  0]
 [10  9  8  8  6  5  5  4 10  7 10  9  9  8  7  6  6  5  7  0]]
Filling 7.0 things for dest 6
[[ 9  9  8  7  5  5  4  0  7  7  9  9  8  7  6  6  5  0  6  0]
 [ 9  9  8  7  6  5  5  0  7  7  9  9  8  8  6  6  5  5  6  0]
 [ 9  9  8  7  6  5  5  0  7  7  9  9  8  8  6  6  5  5  6  0]
 [ 9  9  8  8  6  5  5  0 10  7 10  9  9  8  7  6  5  5  6  6]
 [10  9  8  8  6  5  5  4 10  7 10  9  9  8  7  6  5  5  7  6]
 [10  9  8  8  6  5  5  4 10  7 10  9  9  8  7  6  6  5  7  6]]
Filling 0.0 things for dest 5
[[ 9  9  8  7  5  5  4  0  7  7  9  9  8  7  6  6  5  0  6  0]
 [ 9  9  8  7  6  5  5  0  7  7  9  9  8  8  6  6  5  5  6  0]
 [ 9  9  8  7  6  5  5  0  7  7  9  9  8  8  6  6  5  5  6  0]
 [ 9  9  8  8  6  5  5  0 10  7 10  9  9  8  7  6  5  5  6  6]
 [10  9  8  8  6  5  5  4 10  7 10  9  9  8  7  6  5  5  7  6]
 [10  9  8  8  6  5  5  4 10  7 10  9  9  8  7  6  6  5  7  6]]
Filling 0.0 things for dest 4
[[ 9  9  8  7  5  5  4  0  7  7  9  9  8  7  6  6  5  0  6  0]
 [ 9  9  8  7  6  5  5  0  7  7  9  9  8  8  6  6  5  5  6  0]
 [ 9  9  8  7  6  5  5  0  7  7  9  9  8  8  6  6  5  5  6  0]
 [ 9  9  8  8  6  5  5  0 10  7 10  9  9  8  7  6  5  5  6  6]
 [10  9  8  8  6  5  5  4 10  7 10  9  9  8  7  6  5  5  7  6]
 [10  9  8  8  6  5  5  4 10  7 10  9  9  8  7  6  6  5  7  6]]
Leaving 4
[[ 9  9  8  7  5  5  0  0  7  7  9  9  8  7  6  6  5  0  6  0]
 [ 9  9  8  7  6  5  5  0  7  7  9  9  8  8  6  6  5  5  6  0]
 [ 9  9  8  7  6  5  5  0  7  7  9  9  8  8  6  6  5  5  6  0]
 [ 9  9  8  8  6  5  5  0 10  7 10  9  9  8  7  6  5  5  6  6]
 [10  9  8  8  6  5  5  0 10  7 10  9  9  8  7  6  5  5  7  6]
 [10  9  8  8  6  5  5  0 10  7 10  9  9  8  7  6  6  5  7  6]]
Filling 0.0 things for dest 10
[[ 9  9  8  7  5  5  0  0  7  7  9  9  8  7  6  6  5  0  6  0]
 [ 9  9  8  7  6  5  5  0  7  7  9  9  8  8  6  6  5  5  6  0]
 [ 9  9  8  7  6  5  5  0  7  7  9  9  8  8  6  6  5  5  6  0]
 [ 9  9  8  8  6  5  5  0 10  7 10  9  9  8  7  6  5  5  6  6]
 [10  9  8  8  6  5  5  0 10  7 10  9  9  8  7  6  5  5  7  6]
 [10  9  8  8  6  5  5  0 10  7 10  9  9  8  7  6  6  5  7  6]]
Filling 0.0 things for dest 9
[[ 9  9  8  7  5  5  0  0  7  7  9  9  8  7  6  6  5  0  6  0]
 [ 9  9  8  7  6  5  5  0  7  7  9  9  8  8  6  6  5  5  6  0]
 [ 9  9  8  7  6  5  5  0  7  7  9  9  8  8  6  6  5  5  6  0]
 [ 9  9  8  8  6  5  5  0 10  7 10  9  9  8  7  6  5  5  6  6]
 [10  9  8  8  6  5  5  0 10  7 10  9  9  8  7  6  5  5  7  6]
 [10  9  8  8  6  5  5  0 10  7 10  9  9  8  7  6  6  5  7  6]]
Filling 1.0 things for dest 8
[[ 9  9  8  7  5  5  0  0  7  7  9  9  8  7  6  6  5  0  6  0]
 [ 9  9  8  7  6  5  5  0  7  7  9  9  8  8  6  6  5  5  6  0]
 [ 9  9  8  7  6  5  5  0  7  7  9  9  8  8  6  6  5  5  6  0]
 [ 9  9  8  8  6  5  5  0 10  7 10  9  9  8  7  6  5  5  6  6]
 [10  9  8  8  6  5  5  0 10  7 10  9  9  8  7  6  5  5  7  6]
 [10  9  8  8  6  5  5  8 10  7 10  9  9  8  7  6  6  5  7  6]]
Filling 8.0 things for dest 7
[[ 9  9  8  7  5  5  7  7  7  7  9  9  8  7  6  6  5  7  6  0]
 [ 9  9  8  7  6  5  5  7  7  7  9  9  8  8  6  6  5  5  6  0]
 [ 9  9  8  7  6  5  5  7  7  7  9  9  8  8  6  6  5  5  6  7]
 [ 9  9  8  8  6  5  5  7 10  7 10  9  9  8  7  6  5  5  6  6]
 [10  9  8  8  6  5  5  7 10  7 10  9  9  8  7  6  5  5  7  6]
 [10  9  8  8  6  5  5  8 10  7 10  9  9  8  7  6  6  5  7  6]]
Filling 2.0 things for dest 6
[[ 9  9  8  7  5  5  7  7  7  7  9  9  8  7  6  6  5  7  6  6]
 [ 9  9  8  7  6  5  5  7  7  7  9  9  8  8  6  6  5  5  6  6]
 [ 9  9  8  7  6  5  5  7  7  7  9  9  8  8  6  6  5  5  6  7]
 [ 9  9  8  8  6  5  5  7 10  7 10  9  9  8  7  6  5  5  6  6]
 [10  9  8  8  6  5  5  7 10  7 10  9  9  8  7  6  5  5  7  6]
 [10  9  8  8  6  5  5  8 10  7 10  9  9  8  7  6  6  5  7  6]]
Filling 0.0 things for dest 5
[[ 9  9  8  7  5  5  7  7  7  7  9  9  8  7  6  6  5  7  6  6]
 [ 9  9  8  7  6  5  5  7  7  7  9  9  8  8  6  6  5  5  6  6]
 [ 9  9  8  7  6  5  5  7  7  7  9  9  8  8  6  6  5  5  6  7]
 [ 9  9  8  8  6  5  5  7 10  7 10  9  9  8  7  6  5  5  6  6]
 [10  9  8  8  6  5  5  7 10  7 10  9  9  8  7  6  5  5  7  6]
 [10  9  8  8  6  5  5  8 10  7 10  9  9  8  7  6  6  5  7  6]]
Leaving 5
A cost was incurred at 6,0
A cost was incurred at 17,0
[[ 9  9  8  7  0  0  0  7  7  7  9  9  8  7  6  6  0  0  6  6]
 [ 9  9  8  7  6  0  0  7  7  7  9  9  8  8  6  6  0  0  6  6]
 [ 9  9  8  7  6  0  0  7  7  7  9  9  8  8  6  6  0  0  6  7]
 [ 9  9  8  8  6  0  0  7 10  7 10  9  9  8  7  6  0  0  6  6]
 [10  9  8  8  6  0  0  7 10  7 10  9  9  8  7  6  0  0  7  6]
 [10  9  8  8  6  0  0  8 10  7 10  9  9  8  7  6  6  0  7  6]]
Filling 0.0 things for dest 10
[[ 9  9  8  7  0  0  0  7  7  7  9  9  8  7  6  6  0  0  6  6]
 [ 9  9  8  7  6  0  0  7  7  7  9  9  8  8  6  6  0  0  6  6]
 [ 9  9  8  7  6  0  0  7  7  7  9  9  8  8  6  6  0  0  6  7]
 [ 9  9  8  8  6  0  0  7 10  7 10  9  9  8  7  6  0  0  6  6]
 [10  9  8  8  6  0  0  7 10  7 10  9  9  8  7  6  0  0  7  6]
 [10  9  8  8  6  0  0  8 10  7 10  9  9  8  7  6  6  0  7  6]]
Filling 14.0 things for dest 9
[[ 9  9  8  7  0  9  9  7  7  7  9  9  8  7  6  6  0  0  6  6]
 [ 9  9  8  7  6  9  9  7  7  7  9  9  8  8  6  6  0  0  6  6]
 [ 9  9  8  7  6  9  9  7  7  7  9  9  8  8  6  6  0  0  6  7]
 [ 9  9  8  8  6  9  9  7 10  7 10  9  9  8  7  6  0  0  6  6]
 [10  9  8  8  6  9  9  7 10  7 10  9  9  8  7  6  0  9  7  6]
 [10  9  8  8  6  9  9  8 10  7 10  9  9  8  7  6  6  9  7  6]]
Filling 0.0 things for dest 8
[[ 9  9  8  7  0  9  9  7  7  7  9  9  8  7  6  6  0  0  6  6]
 [ 9  9  8  7  6  9  9  7  7  7  9  9  8  8  6  6  0  0  6  6]
 [ 9  9  8  7  6  9  9  7  7  7  9  9  8  8  6  6  0  0  6  7]
 [ 9  9  8  8  6  9  9  7 10  7 10  9  9  8  7  6  0  0  6  6]
 [10  9  8  8  6  9  9  7 10  7 10  9  9  8  7  6  0  9  7  6]
 [10  9  8  8  6  9  9  8 10  7 10  9  9  8  7  6  6  9  7  6]]
Filling 0.0 things for dest 7
[[ 9  9  8  7  0  9  9  7  7  7  9  9  8  7  6  6  0  0  6  6]
 [ 9  9  8  7  6  9  9  7  7  7  9  9  8  8  6  6  0  0  6  6]
 [ 9  9  8  7  6  9  9  7  7  7  9  9  8  8  6  6  0  0  6  7]
 [ 9  9  8  8  6  9  9  7 10  7 10  9  9  8  7  6  0  0  6  6]
 [10  9  8  8  6  9  9  7 10  7 10  9  9  8  7  6  0  9  7  6]
 [10  9  8  8  6  9  9  8 10  7 10  9  9  8  7  6  6  9  7  6]]
Filling 2.0 things for dest 6
[[ 9  9  8  7  6  9  9  7  7  7  9  9  8  7  6  6  0  0  6  6]
 [ 9  9  8  7  6  9  9  7  7  7  9  9  8  8  6  6  0  0  6  6]
 [ 9  9  8  7  6  9  9  7  7  7  9  9  8  8  6  6  0  0  6  7]
 [ 9  9  8  8  6  9  9  7 10  7 10  9  9  8  7  6  0  6  6  6]
 [10  9  8  8  6  9  9  7 10  7 10  9  9  8  7  6  0  9  7  6]
 [10  9  8  8  6  9  9  8 10  7 10  9  9  8  7  6  6  9  7  6]]
Leaving 6
A cost was incurred at 19,2
[[ 9  9  8  7  0  9  9  7  7  7  9  9  8  7  0  0  0  0  0  0]
 [ 9  9  8  7  0  9  9  7  7  7  9  9  8  8  0  0  0  0  0  0]
 [ 9  9  8  7  0  9  9  7  7  7  9  9  8  8  0  0  0  0  0  0]
 [ 9  9  8  8  0  9  9  7 10  7 10  9  9  8  7  0  0  0  0  0]
 [10  9  8  8  0  9  9  7 10  7 10  9  9  8  7  0  0  9  7  0]
 [10  9  8  8  0  9  9  8 10  7 10  9  9  8  7  0  0  9  7  0]]
Filling 0.0 things for dest 10
[[ 9  9  8  7  0  9  9  7  7  7  9  9  8  7  0  0  0  0  0  0]
 [ 9  9  8  7  0  9  9  7  7  7  9  9  8  8  0  0  0  0  0  0]
 [ 9  9  8  7  0  9  9  7  7  7  9  9  8  8  0  0  0  0  0  0]
 [ 9  9  8  8  0  9  9  7 10  7 10  9  9  8  7  0  0  0  0  0]
 [10  9  8  8  0  9  9  7 10  7 10  9  9  8  7  0  0  9  7  0]
 [10  9  8  8  0  9  9  8 10  7 10  9  9  8  7  0  0  9  7  0]]
Filling 0.0 things for dest 9
[[ 9  9  8  7  0  9  9  7  7  7  9  9  8  7  0  0  0  0  0  0]
 [ 9  9  8  7  0  9  9  7  7  7  9  9  8  8  0  0  0  0  0  0]
 [ 9  9  8  7  0  9  9  7  7  7  9  9  8  8  0  0  0  0  0  0]
 [ 9  9  8  8  0  9  9  7 10  7 10  9  9  8  7  0  0  0  0  0]
 [10  9  8  8  0  9  9  7 10  7 10  9  9  8  7  0  0  9  7  0]
 [10  9  8  8  0  9  9  8 10  7 10  9  9  8  7  0  0  9  7  0]]
Filling 14.0 things for dest 8
[[ 9  9  8  7  8  9  9  7  7  7  9  9  8  7  0  0  0  8  0  0]
 [ 9  9  8  7  8  9  9  7  7  7  9  9  8  8  0  0  0  8  0  0]
 [ 9  9  8  7  8  9  9  7  7  7  9  9  8  8  0  8  0  8  0  0]
 [ 9  9  8  8  8  9  9  7 10  7 10  9  9  8  7  8  0  8  0  0]
 [10  9  8  8  8  9  9  7 10  7 10  9  9  8  7  8  0  9  7  0]
 [10  9  8  8  8  9  9  8 10  7 10  9  9  8  7  8  0  9  7  0]]
Filling 19.0 things for dest 7
[[ 9  9  8  7  8  9  9  7  7  7  9  9  8  7  7  7  7  8  7  0]
 [ 9  9  8  7  8  9  9  7  7  7  9  9  8  8  7  7  7  8  7  0]
 [ 9  9  8  7  8  9  9  7  7  7  9  9  8  8  7  8  7  8  7  7]
 [ 9  9  8  8  8  9  9  7 10  7 10  9  9  8  7  8  7  8  7  7]
 [10  9  8  8  8  9  9  7 10  7 10  9  9  8  7  8  7  9  7  7]
 [10  9  8  8  8  9  9  8 10  7 10  9  9  8  7  8  7  9  7  7]]
Leaving 7
[[ 9  9  8  0  8  9  9  0  0  0  9  9  8  0  0  0  0  8  0  0]
 [ 9  9  8  0  8  9  9  0  0  0  9  9  8  8  0  0  0  8  0  0]
 [ 9  9  8  0  8  9  9  0  0  0  9  9  8  8  0  8  0  8  0  0]
 [ 9  9  8  8  8  9  9  0 10  0 10  9  9  8  0  8  0  8  0  0]
 [10  9  8  8  8  9  9  0 10  0 10  9  9  8  0  8  0  9  0  0]
 [10  9  8  8  8  9  9  8 10  0 10  9  9  8  0  8  0  9  0  0]]
Filling 0.0 things for dest 10
[[ 9  9  8  0  8  9  9  0  0  0  9  9  8  0  0  0  0  8  0  0]
 [ 9  9  8  0  8  9  9  0  0  0  9  9  8  8  0  0  0  8  0  0]
 [ 9  9  8  0  8  9  9  0  0  0  9  9  8  8  0  8  0  8  0  0]
 [ 9  9  8  8  8  9  9  0 10  0 10  9  9  8  0  8  0  8  0  0]
 [10  9  8  8  8  9  9  0 10  0 10  9  9  8  0  8  0  9  0  0]
 [10  9  8  8  8  9  9  8 10  0 10  9  9  8  0  8  0  9  0  0]]
Filling 7.0 things for dest 9
[[ 9  9  8  0  8  9  9  0  9  0  9  9  8  0  0  0  0  8  0  0]
 [ 9  9  8  0  8  9  9  0  9  0  9  9  8  8  0  0  0  8  0  0]
 [ 9  9  8  0  8  9  9  0  9  9  9  9  8  8  0  8  0  8  0  0]
 [ 9  9  8  8  8  9  9  0 10  9 10  9  9  8  0  8  0  8  0  0]
 [10  9  8  8  8  9  9  0 10  9 10  9  9  8  0  8  0  9  0  0]
 [10  9  8  8  8  9  9  8 10  9 10  9  9  8  0  8  0  9  0  0]]
Filling 20.0 things for dest 8
[[ 9  9  8  8  8  9  9  8  9  8  9  9  8  8  8  8  0  8  0  0]
 [ 9  9  8  8  8  9  9  8  9  8  9  9  8  8  8  8  0  8  0  0]
 [ 9  9  8  8  8  9  9  8  9  9  9  9  8  8  8  8  0  8  0  0]
 [ 9  9  8  8  8  9  9  8 10  9 10  9  9  8  8  8  0  8  0  0]
 [10  9  8  8  8  9  9  8 10  9 10  9  9  8  8  8  0  9  0  0]
 [10  9  8  8  8  9  9  8 10  9 10  9  9  8  8  8  8  9  0  0]]
Leaving 8
[[ 9  9  0  0  0  9  9  0  9  0  9  9  0  0  0  0  0  0  0  0]
 [ 9  9  0  0  0  9  9  0  9  0  9  9  0  0  0  0  0  0  0  0]
 [ 9  9  0  0  0  9  9  0  9  9  9  9  0  0  0  0  0  0  0  0]
 [ 9  9  0  0  0  9  9  0 10  9 10  9  9  0  0  0  0  0  0  0]
 [10  9  0  0  0  9  9  0 10  9 10  9  9  0  0  0  0  9  0  0]
 [10  9  0  0  0  9  9  0 10  9 10  9  9  0  0  0  0  9  0  0]]
Filling 6.0 things for dest 10
[[ 9  9 10  0  0  9  9  0  9  0  9  9  0  0  0  0  0  0  0  0]
 [ 9  9 10  0  0  9  9  0  9  0  9  9  0  0  0  0  0  0  0  0]
 [ 9  9 10  0  0  9  9  0  9  9  9  9  0  0  0  0  0  0  0  0]
 [ 9  9 10  0  0  9  9  0 10  9 10  9  9  0  0  0  0  0  0  0]
 [10  9 10  0  0  9  9  0 10  9 10  9  9  0  0  0  0  9  0  0]
 [10  9 10  0  0  9  9  0 10  9 10  9  9  0  0  0  0  9  0  0]]
Filling 0.0 things for dest 9
[[ 9  9 10  0  0  9  9  0  9  0  9  9  0  0  0  0  0  0  0  0]
 [ 9  9 10  0  0  9  9  0  9  0  9  9  0  0  0  0  0  0  0  0]
 [ 9  9 10  0  0  9  9  0  9  9  9  9  0  0  0  0  0  0  0  0]
 [ 9  9 10  0  0  9  9  0 10  9 10  9  9  0  0  0  0  0  0  0]
 [10  9 10  0  0  9  9  0 10  9 10  9  9  0  0  0  0  9  0  0]
 [10  9 10  0  0  9  9  0 10  9 10  9  9  0  0  0  0  9  0  0]]
Leaving 9
[[ 0  0 10  0  0  0  0  0  0  0  0  0  0  0  0  0  0  0  0  0]
 [ 0  0 10  0  0  0  0  0  0  0  0  0  0  0  0  0  0  0  0  0]
 [ 0  0 10  0  0  0  0  0  0  0  0  0  0  0  0  0  0  0  0  0]
 [ 0  0 10  0  0  0  0  0 10  0 10  0  0  0  0  0  0  0  0  0]
 [10  0 10  0  0  0  0  0 10  0 10  0  0  0  0  0  0  0  0  0]
 [10  0 10  0  0  0  0  0 10  0 10  0  0  0  0  0  0  0  0  0]]
Filling 15.0 things for dest 10
[[10  0 10  0  0  0  0  0 10  0 10  0  0  0  0  0  0  0  0  0]
 [10 10 10  0  0  0  0  0 10  0 10  0  0  0  0  0  0  0  0  0]
 [10 10 10  0  0  0  0  0 10  0 10  0  0  0  0  0  0  0  0  0]
 [10 10 10  0  0  0  0  0 10  0 10  0  0  0  0  0  0  0  0  0]
 [10 10 10  0  0  0  0  0 10  0 10  0  0  0  0  0  0  0  0  0]
 [10 10 10  0  0  0  0  0 10  0 10  0  0  0  0  0  0  0  0  0]]
Leaving 10
[[0 0 0 0 0 0 0 0 0 0 0 0 0 0 0 0 0 0 0 0]
 [0 0 0 0 0 0 0 0 0 0 0 0 0 0 0 0 0 0 0 0]
 [0 0 0 0 0 0 0 0 0 0 0 0 0 0 0 0 0 0 0 0]
 [0 0 0 0 0 0 0 0 0 0 0 0 0 0 0 0 0 0 0 0]
 [0 0 0 0 0 0 0 0 0 0 0 0 0 0 0 0 0 0 0 0]
 [0 0 0 0 0 0 0 0 0 0 0 0 0 0 0 0 0 0 0 0]]
The cost for this trip is 3