Leaving 1
[[0 0 0 0 0 0 0 0 0 0]
 [0 0 0 0 0 0 0 0 0 0]
 [0 0 0 0 0 0 0 0 0 0]
 [0 0 0 0 0 0 0 0 0 0]]
Filling 4.0 things for dest 10
[[10  0  0  0  0  0  0  0  0  0]
 [10  0  0  0  0  0  0  0  0  0]
 [10  0  0  0  0  0  0  0  0  0]
 [10  0  0  0  0  0  0  0  0  0]]
Filling 2.0 things for dest 9
[[10  0  0  0  0  0  0  0  0  0]
 [10  0  0  0  0  0  0  0  0  0]
 [10  9  0  0  0  0  0  0  0  0]
 [10  9  0  0  0  0  0  0  0  0]]
Filling 0.0 things for dest 8
[[10  0  0  0  0  0  0  0  0  0]
 [10  0  0  0  0  0  0  0  0  0]
 [10  9  0  0  0  0  0  0  0  0]
 [10  9  0  0  0  0  0  0  0  0]]
Filling 2.0 things for dest 7
[[10  7  0  0  0  0  0  0  0  0]
 [10  7  0  0  0  0  0  0  0  0]
 [10  9  0  0  0  0  0  0  0  0]
 [10  9  0  0  0  0  0  0  0  0]]
Filling 0.0 things for dest 6
[[10  7  0  0  0  0  0  0  0  0]
 [10  7  0  0  0  0  0  0  0  0]
 [10  9  0  0  0  0  0  0  0  0]
 [10  9  0  0  0  0  0  0  0  0]]
Filling 0.0 things for dest 5
[[10  7  0  0  0  0  0  0  0  0]
 [10  7  0  0  0  0  0  0  0  0]
 [10  9  0  0  0  0  0  0  0  0]
 [10  9  0  0  0  0  0  0  0  0]]
Filling 4.0 things for dest 4
[[10  7  4  0  0  0  0  0  0  0]
 [10  7  4  0  0  0  0  0  0  0]
 [10  9  4  0  0  0  0  0  0  0]
 [10  9  4  0  0  0  0  0  0  0]]
Filling 2.0 things for dest 3
[[10  7  4  0  0  0  0  0  0  0]
 [10  7  4  0  0  0  0  0  0  0]
 [10  9  4  3  0  0  0  0  0  0]
 [10  9  4  3  0  0  0  0  0  0]]
Filling 3.0 things for dest 2
[[10  7  4  2  0  0  0  0  0  0]
 [10  7  4  2  0  0  0  0  0  0]
 [10  9  4  3  0  0  0  0  0  0]
 [10  9  4  3  2  0  0  0  0  0]]
Leaving 2
[[10  7  4  0  0  0  0  0  0  0]
 [10  7  4  0  0  0  0  0  0  0]
 [10  9  4  3  0  0  0  0  0  0]
 [10  9  4  3  0  0  0  0  0  0]]
Filling 0.0 things for dest 10
[[10  7  4  0  0  0  0  0  0  0]
 [10  7  4  0  0  0  0  0  0  0]
 [10  9  4  3  0  0  0  0  0  0]
 [10  9  4  3  0  0  0  0  0  0]]
Filling 4.0 things for dest 9
[[10  7  4  0  9  0  0  0  0  0]
 [10  7  4  0  9  0  0  0  0  0]
 [10  9  4  3  9  0  0  0  0  0]
 [10  9  4  3  9  0  0  0  0  0]]
Filling 0.0 things for dest 8
[[10  7  4  0  9  0  0  0  0  0]
 [10  7  4  0  9  0  0  0  0  0]
 [10  9  4  3  9  0  0  0  0  0]
 [10  9  4  3  9  0  0  0  0  0]]
Filling 0.0 things for dest 7
[[10  7  4  0  9  0  0  0  0  0]
 [10  7  4  0  9  0  0  0  0  0]
 [10  9  4  3  9  0  0  0  0  0]
 [10  9  4  3  9  0  0  0  0  0]]
Filling 3.0 things for dest 6
[[10  7  4  0  9  0  0  0  0  0]
 [10  7  4  0  9  6  0  0  0  0]
 [10  9  4  3  9  6  0  0  0  0]
 [10  9  4  3  9  6  0  0  0  0]]
Filling 2.0 things for dest 5
[[10  7  4  0  9  5  0  0  0  0]
 [10  7  4  0  9  6  0  0  0  0]
 [10  9  4  3  9  6  0  0  0  0]
 [10  9  4  3  9  6  5  0  0  0]]
Filling 0.0 things for dest 4
[[10  7  4  0  9  5  0  0  0  0]
 [10  7  4  0  9  6  0  0  0  0]
 [10  9  4  3  9  6  0  0  0  0]
 [10  9  4  3  9  6  5  0  0  0]]
Filling 2.0 things for dest 3
[[10  7  4  3  9  5  0  0  0  0]
 [10  7  4  3  9  6  0  0  0  0]
 [10  9  4  3  9  6  0  0  0  0]
 [10  9  4  3  9  6  5  0  0  0]]
Leaving 3
[[10  7  4  0  9  5  0  0  0  0]
 [10  7  4  0  9  6  0  0  0  0]
 [10  9  4  0  9  6  0  0  0  0]
 [10  9  4  0  9  6  5  0  0  0]]
Filling 4.0 things for dest 10
[[10  7  4 10  9  5  0  0  0  0]
 [10  7  4 10  9  6  0  0  0  0]
 [10  9  4 10  9  6  0  0  0  0]
 [10  9  4 10  9  6  5  0  0  0]]
Filling 0.0 things for dest 9
[[10  7  4 10  9  5  0  0  0  0]
 [10  7  4 10  9  6  0  0  0  0]
 [10  9  4 10  9  6  0  0  0  0]
 [10  9  4 10  9  6  5  0  0  0]]
Filling 0.0 things for dest 8
[[10  7  4 10  9  5  0  0  0  0]
 [10  7  4 10  9  6  0  0  0  0]
 [10  9  4 10  9  6  0  0  0  0]
 [10  9  4 10  9  6  5  0  0  0]]
Filling 0.0 things for dest 7
[[10  7  4 10  9  5  0  0  0  0]
 [10  7  4 10  9  6  0  0  0  0]
 [10  9  4 10  9  6  0  0  0  0]
 [10  9  4 10  9  6  5  0  0  0]]
Filling 4.0 things for dest 6
[[10  7  4 10  9  5  0  6  0  0]
 [10  7  4 10  9  6  0  6  0  0]
 [10  9  4 10  9  6  0  6  0  0]
 [10  9  4 10  9  6  5  6  0  0]]
Filling 4.0 things for dest 5
[[10  7  4 10  9  5  5  6  0  0]
 [10  7  4 10  9  6  5  6  0  0]
 [10  9  4 10  9  6  5  6  0  0]
 [10  9  4 10  9  6  5  6  5  0]]
Filling 0.0 things for dest 4
[[10  7  4 10  9  5  5  6  0  0]
 [10  7  4 10  9  6  5  6  0  0]
 [10  9  4 10  9  6  5  6  0  0]
 [10  9  4 10  9  6  5  6  5  0]]
Leaving 4
[[10  7  0 10  9  5  5  6  0  0]
 [10  7  0 10  9  6  5  6  0  0]
 [10  9  0 10  9  6  5  6  0  0]
 [10  9  0 10  9  6  5  6  5  0]]
Filling 0.0 things for dest 10
[[10  7  0 10  9  5  5  6  0  0]
 [10  7  0 10  9  6  5  6  0  0]
 [10  9  0 10  9  6  5  6  0  0]
 [10  9  0 10  9  6  5  6  5  0]]
Filling 0.0 things for dest 9
[[10  7  0 10  9  5  5  6  0  0]
 [10  7  0 10  9  6  5  6  0  0]
 [10  9  0 10  9  6  5  6  0  0]
 [10  9  0 10  9  6  5  6  5  0]]
Filling 4.0 things for dest 8
[[10  7  8 10  9  5  5  6  0  0]
 [10  7  8 10  9  6  5  6  0  0]
 [10  9  8 10  9  6  5  6  0  0]
 [10  9  8 10  9  6  5  6  5  0]]
Filling 0.0 things for dest 7
[[10  7  8 10  9  5  5  6  0  0]
 [10  7  8 10  9  6  5  6  0  0]
 [10  9  8 10  9  6  5  6  0  0]
 [10  9  8 10  9  6  5  6  5  0]]
Filling 3.0 things for dest 6
[[10  7  8 10  9  5  5  6  0  0]
 [10  7  8 10  9  6  5  6  0  6]
 [10  9  8 10  9  6  5  6  0  6]
 [10  9  8 10  9  6  5  6  5  6]]
Filling 3.0 things for dest 5
[[10  7  8 10  9  5  5  6  0  5]
 [10  7  8 10  9  6  5  6  5  6]
 [10  9  8 10  9  6  5  6  5  6]
 [10  9  8 10  9  6  5  6  5  6]]
Leaving 5
[[10  7  8 10  9  0  0  6  0  0]
 [10  7  8 10  9  6  0  6  0  6]
 [10  9  8 10  9  6  0  6  0  6]
 [10  9  8 10  9  6  0  6  0  6]]
Filling 3.0 things for dest 10
[[10  7  8 10  9  0  0  6  0  0]
 [10  7  8 10  9  6 10  6  0  6]
 [10  9  8 10  9  6 10  6  0  6]
 [10  9  8 10  9  6 10  6  0  6]]
Filling 0.0 things for dest 9
[[10  7  8 10  9  0  0  6  0  0]
 [10  7  8 10  9  6 10  6  0  6]
 [10  9  8 10  9  6 10  6  0  6]
 [10  9  8 10  9  6 10  6  0  6]]
Filling 0.0 things for dest 8
[[10  7  8 10  9  0  0  6  0  0]
 [10  7  8 10  9  6 10  6  0  6]
 [10  9  8 10  9  6 10  6  0  6]
 [10  9  8 10  9  6 10  6  0  6]]
Filling 6.0 things for dest 7
[[10  7  8 10  9  7  7  6  7  0]
 [10  7  8 10  9  6 10  6  7  6]
 [10  9  8 10  9  6 10  6  7  6]
 [10  9  8 10  9  6 10  6  7  6]]
Filling 0.0 things for dest 6
[[10  7  8 10  9  7  7  6  7  0]
 [10  7  8 10  9  6 10  6  7  6]
 [10  9  8 10  9  6 10  6  7  6]
 [10  9  8 10  9  6 10  6  7  6]]
Leaving 6
A cost was incurred at 5,0
[[10  7  8 10  9  0  7  0  7  0]
 [10  7  8 10  9  0 10  0  7  0]
 [10  9  8 10  9  0 10  0  7  0]
 [10  9  8 10  9  0 10  0  7  0]]
Filling 3.0 things for dest 10
[[10  7  8 10  9  0  7  0  7  0]
 [10  7  8 10  9 10 10  0  7  0]
 [10  9  8 10  9 10 10  0  7  0]
 [10  9  8 10  9 10 10  0  7  0]]
Filling 0.0 things for dest 9
[[10  7  8 10  9  0  7  0  7  0]
 [10  7  8 10  9 10 10  0  7  0]
 [10  9  8 10  9 10 10  0  7  0]
 [10  9  8 10  9 10 10  0  7  0]]
Filling 0.0 things for dest 8
[[10  7  8 10  9  0  7  0  7  0]
 [10  7  8 10  9 10 10  0  7  0]
 [10  9  8 10  9 10 10  0  7  0]
 [10  9  8 10  9 10 10  0  7  0]]
Filling 5.0 things for dest 7
[[10  7  8 10  9  7  7  7  7  0]
 [10  7  8 10  9 10 10  7  7  0]
 [10  9  8 10  9 10 10  7  7  0]
 [10  9  8 10  9 10 10  7  7  0]]
Leaving 7
[[10  0  8 10  9  0  0  0  0  0]
 [10  0  8 10  9 10 10  0  0  0]
 [10  9  8 10  9 10 10  0  0  0]
 [10  9  8 10  9 10 10  0  0  0]]
Filling 6.0 things for dest 10
[[10  0  8 10  9 10 10 10  0  0]
 [10  0  8 10  9 10 10 10  0  0]
 [10  9  8 10  9 10 10 10  0  0]
 [10  9  8 10  9 10 10 10  0  0]]
Filling 0.0 things for dest 9
[[10  0  8 10  9 10 10 10  0  0]
 [10  0  8 10  9 10 10 10  0  0]
 [10  9  8 10  9 10 10 10  0  0]
 [10  9  8 10  9 10 10 10  0  0]]
Filling 7.0 things for dest 8
[[10  8  8 10  9 10 10 10  8  0]
 [10  8  8 10  9 10 10 10  8  0]
 [10  9  8 10  9 10 10 10  8  0]
 [10  9  8 10  9 10 10 10  8  8]]
Leaving 8
[[10  0  0 10  9 10 10 10  0  0]
 [10  0  0 10  9 10 10 10  0  0]
 [10  9  0 10  9 10 10 10  0  0]
 [10  9  0 10  9 10 10 10  0  0]]
Filling 7.0 things for dest 10
[[10  0 10 10  9 10 10 10  0  0]
 [10  0 10 10  9 10 10 10 10  0]
 [10  9 10 10  9 10 10 10 10  0]
 [10  9 10 10  9 10 10 10 10  0]]
Filling 2.0 things for dest 9
[[10  0 10 10  9 10 10 10  9  0]
 [10  9 10 10  9 10 10 10 10  0]
 [10  9 10 10  9 10 10 10 10  0]
 [10  9 10 10  9 10 10 10 10  0]]
Leaving 9
[[10  0 10 10  0 10 10 10  0  0]
 [10  0 10 10  0 10 10 10 10  0]
 [10  0 10 10  0 10 10 10 10  0]
 [10  0 10 10  0 10 10 10 10  0]]
Filling 2.0 things for dest 10
[[10  0 10 10  0 10 10 10 10  0]
 [10  0 10 10  0 10 10 10 10  0]
 [10  0 10 10  0 10 10 10 10  0]
 [10 10 10 10  0 10 10 10 10  0]]
Leaving 10
[[0 0 0 0 0 0 0 0 0 0]
 [0 0 0 0 0 0 0 0 0 0]
 [0 0 0 0 0 0 0 0 0 0]
 [0 0 0 0 0 0 0 0 0 0]]
The cost for this trip is 1