Leaving 1
[[0 0 0 0 0 0 0 0 0 0 0 0 0 0 0 0 0 0 0 0]
 [0 0 0 0 0 0 0 0 0 0 0 0 0 0 0 0 0 0 0 0]
 [0 0 0 0 0 0 0 0 0 0 0 0 0 0 0 0 0 0 0 0]
 [0 0 0 0 0 0 0 0 0 0 0 0 0 0 0 0 0 0 0 0]
 [0 0 0 0 0 0 0 0 0 0 0 0 0 0 0 0 0 0 0 0]
 [0 0 0 0 0 0 0 0 0 0 0 0 0 0 0 0 0 0 0 0]]
Filling 10.0 things for dest 10
[[10  0  0  0  0  0  0  0  0  0  0  0  0  0  0  0  0  0  0  0]
 [10  0  0  0  0  0  0  0  0  0  0  0  0  0  0  0  0  0  0  0]
 [10 10  0  0  0  0  0  0  0  0  0  0  0  0  0  0  0  0  0  0]
 [10 10  0  0  0  0  0  0  0  0  0  0  0  0  0  0  0  0  0  0]
 [10 10  0  0  0  0  0  0  0  0  0  0  0  0  0  0  0  0  0  0]
 [10 10  0  0  0  0  0  0  0  0  0  0  0  0  0  0  0  0  0  0]]
Filling 0.0 things for dest 9
[[10  0  0  0  0  0  0  0  0  0  0  0  0  0  0  0  0  0  0  0]
 [10  0  0  0  0  0  0  0  0  0  0  0  0  0  0  0  0  0  0  0]
 [10 10  0  0  0  0  0  0  0  0  0  0  0  0  0  0  0  0  0  0]
 [10 10  0  0  0  0  0  0  0  0  0  0  0  0  0  0  0  0  0  0]
 [10 10  0  0  0  0  0  0  0  0  0  0  0  0  0  0  0  0  0  0]
 [10 10  0  0  0  0  0  0  0  0  0  0  0  0  0  0  0  0  0  0]]
Filling 9.0 things for dest 8
[[10  8  8  0  0  0  0  0  0  0  0  0  0  0  0  0  0  0  0  0]
 [10  8  8  0  0  0  0  0  0  0  0  0  0  0  0  0  0  0  0  0]
 [10 10  8  0  0  0  0  0  0  0  0  0  0  0  0  0  0  0  0  0]
 [10 10  8  0  0  0  0  0  0  0  0  0  0  0  0  0  0  0  0  0]
 [10 10  8  0  0  0  0  0  0  0  0  0  0  0  0  0  0  0  0  0]
 [10 10  8  8  0  0  0  0  0  0  0  0  0  0  0  0  0  0  0  0]]
Filling 0.0 things for dest 7
[[10  8  8  0  0  0  0  0  0  0  0  0  0  0  0  0  0  0  0  0]
 [10  8  8  0  0  0  0  0  0  0  0  0  0  0  0  0  0  0  0  0]
 [10 10  8  0  0  0  0  0  0  0  0  0  0  0  0  0  0  0  0  0]
 [10 10  8  0  0  0  0  0  0  0  0  0  0  0  0  0  0  0  0  0]
 [10 10  8  0  0  0  0  0  0  0  0  0  0  0  0  0  0  0  0  0]
 [10 10  8  8  0  0  0  0  0  0  0  0  0  0  0  0  0  0  0  0]]
Filling 8.0 things for dest 6
[[10  8  8  6  0  0  0  0  0  0  0  0  0  0  0  0  0  0  0  0]
 [10  8  8  6  0  0  0  0  0  0  0  0  0  0  0  0  0  0  0  0]
 [10 10  8  6  0  0  0  0  0  0  0  0  0  0  0  0  0  0  0  0]
 [10 10  8  6  6  0  0  0  0  0  0  0  0  0  0  0  0  0  0  0]
 [10 10  8  6  6  0  0  0  0  0  0  0  0  0  0  0  0  0  0  0]
 [10 10  8  8  6  0  0  0  0  0  0  0  0  0  0  0  0  0  0  0]]
Filling 11.0 things for dest 5
[[10  8  8  6  5  5  0  0  0  0  0  0  0  0  0  0  0  0  0  0]
 [10  8  8  6  5  5  0  0  0  0  0  0  0  0  0  0  0  0  0  0]
 [10 10  8  6  5  5  0  0  0  0  0  0  0  0  0  0  0  0  0  0]
 [10 10  8  6  6  5  0  0  0  0  0  0  0  0  0  0  0  0  0  0]
 [10 10  8  6  6  5  5  0  0  0  0  0  0  0  0  0  0  0  0  0]
 [10 10  8  8  6  5  5  0  0  0  0  0  0  0  0  0  0  0  0  0]]
Filling 9.0 things for dest 4
[[10  8  8  6  5  5  4  0  0  0  0  0  0  0  0  0  0  0  0  0]
 [10  8  8  6  5  5  4  4  0  0  0  0  0  0  0  0  0  0  0  0]
 [10 10  8  6  5  5  4  4  0  0  0  0  0  0  0  0  0  0  0  0]
 [10 10  8  6  6  5  4  4  0  0  0  0  0  0  0  0  0  0  0  0]
 [10 10  8  6  6  5  5  4  0  0  0  0  0  0  0  0  0  0  0  0]
 [10 10  8  8  6  5  5  4  0  0  0  0  0  0  0  0  0  0  0  0]]
Filling 13.0 things for dest 3
[[10  8  8  6  5  5  4  3  3  3  0  0  0  0  0  0  0  0  0  0]
 [10  8  8  6  5  5  4  4  3  3  0  0  0  0  0  0  0  0  0  0]
 [10 10  8  6  5  5  4  4  3  3  0  0  0  0  0  0  0  0  0  0]
 [10 10  8  6  6  5  4  4  3  3  0  0  0  0  0  0  0  0  0  0]
 [10 10  8  6  6  5  5  4  3  3  0  0  0  0  0  0  0  0  0  0]
 [10 10  8  8  6  5  5  4  3  3  0  0  0  0  0  0  0  0  0  0]]
Filling 16.0 things for dest 2
[[10  8  8  6  5  5  4  3  3  3  2  2  0  0  0  0  0  0  0  0]
 [10  8  8  6  5  5  4  4  3  3  2  2  0  0  0  0  0  0  0  0]
 [10 10  8  6  5  5  4  4  3  3  2  2  2  0  0  0  0  0  0  0]
 [10 10  8  6  6  5  4  4  3  3  2  2  2  0  0  0  0  0  0  0]
 [10 10  8  6  6  5  5  4  3  3  2  2  2  0  0  0  0  0  0  0]
 [10 10  8  8  6  5  5  4  3  3  2  2  2  0  0  0  0  0  0  0]]
Leaving 2
[[10  8  8  6  5  5  4  3  3  3  0  0  0  0  0  0  0  0  0  0]
 [10  8  8  6  5  5  4  4  3  3  0  0  0  0  0  0  0  0  0  0]
 [10 10  8  6  5  5  4  4  3  3  0  0  0  0  0  0  0  0  0  0]
 [10 10  8  6  6  5  4  4  3  3  0  0  0  0  0  0  0  0  0  0]
 [10 10  8  6  6  5  5  4  3  3  0  0  0  0  0  0  0  0  0  0]
 [10 10  8  8  6  5  5  4  3  3  0  0  0  0  0  0  0  0  0  0]]
Filling 4.0 things for dest 10
[[10  8  8  6  5  5  4  3  3  3  0  0  0  0  0  0  0  0  0  0]
 [10  8  8  6  5  5  4  4  3  3  0  0  0  0  0  0  0  0  0  0]
 [10 10  8  6  5  5  4  4  3  3 10  0  0  0  0  0  0  0  0  0]
 [10 10  8  6  6  5  4  4  3  3 10  0  0  0  0  0  0  0  0  0]
 [10 10  8  6  6  5  5  4  3  3 10  0  0  0  0  0  0  0  0  0]
 [10 10  8  8  6  5  5  4  3  3 10  0  0  0  0  0  0  0  0  0]]
Filling 5.0 things for dest 9
[[10  8  8  6  5  5  4  3  3  3  9  0  0  0  0  0  0  0  0  0]
 [10  8  8  6  5  5  4  4  3  3  9  0  0  0  0  0  0  0  0  0]
 [10 10  8  6  5  5  4  4  3  3 10  0  0  0  0  0  0  0  0  0]
 [10 10  8  6  6  5  4  4  3  3 10  9  0  0  0  0  0  0  0  0]
 [10 10  8  6  6  5  5  4  3  3 10  9  0  0  0  0  0  0  0  0]
 [10 10  8  8  6  5  5  4  3  3 10  9  0  0  0  0  0  0  0  0]]
Filling 0.0 things for dest 8
[[10  8  8  6  5  5  4  3  3  3  9  0  0  0  0  0  0  0  0  0]
 [10  8  8  6  5  5  4  4  3  3  9  0  0  0  0  0  0  0  0  0]
 [10 10  8  6  5  5  4  4  3  3 10  0  0  0  0  0  0  0  0  0]
 [10 10  8  6  6  5  4  4  3  3 10  9  0  0  0  0  0  0  0  0]
 [10 10  8  6  6  5  5  4  3  3 10  9  0  0  0  0  0  0  0  0]
 [10 10  8  8  6  5  5  4  3  3 10  9  0  0  0  0  0  0  0  0]]
Filling 7.0 things for dest 7
[[10  8  8  6  5  5  4  3  3  3  9  7  0  0  0  0  0  0  0  0]
 [10  8  8  6  5  5  4  4  3  3  9  7  0  0  0  0  0  0  0  0]
 [10 10  8  6  5  5  4  4  3  3 10  7  7  0  0  0  0  0  0  0]
 [10 10  8  6  6  5  4  4  3  3 10  9  7  0  0  0  0  0  0  0]
 [10 10  8  6  6  5  5  4  3  3 10  9  7  0  0  0  0  0  0  0]
 [10 10  8  8  6  5  5  4  3  3 10  9  7  0  0  0  0  0  0  0]]
Filling 0.0 things for dest 6
[[10  8  8  6  5  5  4  3  3  3  9  7  0  0  0  0  0  0  0  0]
 [10  8  8  6  5  5  4  4  3  3  9  7  0  0  0  0  0  0  0  0]
 [10 10  8  6  5  5  4  4  3  3 10  7  7  0  0  0  0  0  0  0]
 [10 10  8  6  6  5  4  4  3  3 10  9  7  0  0  0  0  0  0  0]
 [10 10  8  6  6  5  5  4  3  3 10  9  7  0  0  0  0  0  0  0]
 [10 10  8  8  6  5  5  4  3  3 10  9  7  0  0  0  0  0  0  0]]
Filling 1.0 things for dest 5
[[10  8  8  6  5  5  4  3  3  3  9  7  0  0  0  0  0  0  0  0]
 [10  8  8  6  5  5  4  4  3  3  9  7  5  0  0  0  0  0  0  0]
 [10 10  8  6  5  5  4  4  3  3 10  7  7  0  0  0  0  0  0  0]
 [10 10  8  6  6  5  4  4  3  3 10  9  7  0  0  0  0  0  0  0]
 [10 10  8  6  6  5  5  4  3  3 10  9  7  0  0  0  0  0  0  0]
 [10 10  8  8  6  5  5  4  3  3 10  9  7  0  0  0  0  0  0  0]]
Filling 11.0 things for dest 4
[[10  8  8  6  5  5  4  3  3  3  9  7  4  4  0  0  0  0  0  0]
 [10  8  8  6  5  5  4  4  3  3  9  7  5  4  0  0  0  0  0  0]
 [10 10  8  6  5  5  4  4  3  3 10  7  7  4  4  0  0  0  0  0]
 [10 10  8  6  6  5  4  4  3  3 10  9  7  4  4  0  0  0  0  0]
 [10 10  8  6  6  5  5  4  3  3 10  9  7  4  4  0  0  0  0  0]
 [10 10  8  8  6  5  5  4  3  3 10  9  7  4  4  0  0  0  0  0]]
Filling 0.0 things for dest 3
[[10  8  8  6  5  5  4  3  3  3  9  7  4  4  0  0  0  0  0  0]
 [10  8  8  6  5  5  4  4  3  3  9  7  5  4  0  0  0  0  0  0]
 [10 10  8  6  5  5  4  4  3  3 10  7  7  4  4  0  0  0  0  0]
 [10 10  8  6  6  5  4  4  3  3 10  9  7  4  4  0  0  0  0  0]
 [10 10  8  6  6  5  5  4  3  3 10  9  7  4  4  0  0  0  0  0]
 [10 10  8  8  6  5  5  4  3  3 10  9  7  4  4  0  0  0  0  0]]
Leaving 3
[[10  8  8  6  5  5  4  0  0  0  9  7  4  4  0  0  0  0  0  0]
 [10  8  8  6  5  5  4  4  0  0  9  7  5  4  0  0  0  0  0  0]
 [10 10  8  6  5  5  4  4  0  0 10  7  7  4  4  0  0  0  0  0]
 [10 10  8  6  6  5  4  4  0  0 10  9  7  4  4  0  0  0  0  0]
 [10 10  8  6  6  5  5  4  0  0 10  9  7  4  4  0  0  0  0  0]
 [10 10  8  8  6  5  5  4  0  0 10  9  7  4  4  0  0  0  0  0]]
Filling 7.0 things for dest 10
[[10  8  8  6  5  5  4  0 10  0  9  7  4  4  0  0  0  0  0  0]
 [10  8  8  6  5  5  4  4 10  0  9  7  5  4  0  0  0  0  0  0]
 [10 10  8  6  5  5  4  4 10  0 10  7  7  4  4  0  0  0  0  0]
 [10 10  8  6  6  5  4  4 10  0 10  9  7  4  4  0  0  0  0  0]
 [10 10  8  6  6  5  5  4 10  0 10  9  7  4  4  0  0  0  0  0]
 [10 10  8  8  6  5  5  4 10 10 10  9  7  4  4  0  0  0  0  0]]
Filling 3.0 things for dest 9
[[10  8  8  6  5  5  4  0 10  0  9  7  4  4  0  0  0  0  0  0]
 [10  8  8  6  5  5  4  4 10  0  9  7  5  4  0  0  0  0  0  0]
 [10 10  8  6  5  5  4  4 10  9 10  7  7  4  4  0  0  0  0  0]
 [10 10  8  6  6  5  4  4 10  9 10  9  7  4  4  0  0  0  0  0]
 [10 10  8  6  6  5  5  4 10  9 10  9  7  4  4  0  0  0  0  0]
 [10 10  8  8  6  5  5  4 10 10 10  9  7  4  4  0  0  0  0  0]]
Filling 0.0 things for dest 8
[[10  8  8  6  5  5  4  0 10  0  9  7  4  4  0  0  0  0  0  0]
 [10  8  8  6  5  5  4  4 10  0  9  7  5  4  0  0  0  0  0  0]
 [10 10  8  6  5  5  4  4 10  9 10  7  7  4  4  0  0  0  0  0]
 [10 10  8  6  6  5  4  4 10  9 10  9  7  4  4  0  0  0  0  0]
 [10 10  8  6  6  5  5  4 10  9 10  9  7  4  4  0  0  0  0  0]
 [10 10  8  8  6  5  5  4 10 10 10  9  7  4  4  0  0  0  0  0]]
Filling 0.0 things for dest 7
[[10  8  8  6  5  5  4  0 10  0  9  7  4  4  0  0  0  0  0  0]
 [10  8  8  6  5  5  4  4 10  0  9  7  5  4  0  0  0  0  0  0]
 [10 10  8  6  5  5  4  4 10  9 10  7  7  4  4  0  0  0  0  0]
 [10 10  8  6  6  5  4  4 10  9 10  9  7  4  4  0  0  0  0  0]
 [10 10  8  6  6  5  5  4 10  9 10  9  7  4  4  0  0  0  0  0]
 [10 10  8  8  6  5  5  4 10 10 10  9  7  4  4  0  0  0  0  0]]
Filling 0.0 things for dest 6
[[10  8  8  6  5  5  4  0 10  0  9  7  4  4  0  0  0  0  0  0]
 [10  8  8  6  5  5  4  4 10  0  9  7  5  4  0  0  0  0  0  0]
 [10 10  8  6  5  5  4  4 10  9 10  7  7  4  4  0  0  0  0  0]
 [10 10  8  6  6  5  4  4 10  9 10  9  7  4  4  0  0  0  0  0]
 [10 10  8  6  6  5  5  4 10  9 10  9  7  4  4  0  0  0  0  0]
 [10 10  8  8  6  5  5  4 10 10 10  9  7  4  4  0  0  0  0  0]]
Filling 5.0 things for dest 5
[[10  8  8  6  5  5  4  0 10  5  9  7  4  4  0  0  0  0  0  0]
 [10  8  8  6  5  5  4  4 10  5  9  7  5  4  0  0  0  0  0  0]
 [10 10  8  6  5  5  4  4 10  9 10  7  7  4  4  0  0  0  0  0]
 [10 10  8  6  6  5  4  4 10  9 10  9  7  4  4  5  0  0  0  0]
 [10 10  8  6  6  5  5  4 10  9 10  9  7  4  4  5  0  0  0  0]
 [10 10  8  8  6  5  5  4 10 10 10  9  7  4  4  5  0  0  0  0]]
Filling 0.0 things for dest 4
[[10  8  8  6  5  5  4  0 10  5  9  7  4  4  0  0  0  0  0  0]
 [10  8  8  6  5  5  4  4 10  5  9  7  5  4  0  0  0  0  0  0]
 [10 10  8  6  5  5  4  4 10  9 10  7  7  4  4  0  0  0  0  0]
 [10 10  8  6  6  5  4  4 10  9 10  9  7  4  4  5  0  0  0  0]
 [10 10  8  6  6  5  5  4 10  9 10  9  7  4  4  5  0  0  0  0]
 [10 10  8  8  6  5  5  4 10 10 10  9  7  4  4  5  0  0  0  0]]
Leaving 4
[[10  8  8  6  5  5  0  0 10  5  9  7  0  0  0  0  0  0  0  0]
 [10  8  8  6  5  5  0  0 10  5  9  7  5  0  0  0  0  0  0  0]
 [10 10  8  6  5  5  0  0 10  9 10  7  7  0  0  0  0  0  0  0]
 [10 10  8  6  6  5  0  0 10  9 10  9  7  0  0  5  0  0  0  0]
 [10 10  8  6  6  5  5  0 10  9 10  9  7  0  0  5  0  0  0  0]
 [10 10  8  8  6  5  5  0 10 10 10  9  7  0  0  5  0  0  0  0]]
Filling 3.0 things for dest 10
[[10  8  8  6  5  5  0  0 10  5  9  7  0  0  0  0  0  0  0  0]
 [10  8  8  6  5  5  0  0 10  5  9  7  5  0  0  0  0  0  0  0]
 [10 10  8  6  5  5  0  0 10  9 10  7  7  0  0  0  0  0  0  0]
 [10 10  8  6  6  5  0 10 10  9 10  9  7  0  0  5  0  0  0  0]
 [10 10  8  6  6  5  5 10 10  9 10  9  7  0  0  5  0  0  0  0]
 [10 10  8  8  6  5  5 10 10 10 10  9  7  0  0  5  0  0  0  0]]
Filling 7.0 things for dest 9
[[10  8  8  6  5  5  0  9 10  5  9  7  0  0  0  0  0  0  0  0]
 [10  8  8  6  5  5  0  9 10  5  9  7  5  0  0  0  0  0  0  0]
 [10 10  8  6  5  5  0  9 10  9 10  7  7  9  0  0  0  0  0  0]
 [10 10  8  6  6  5  0 10 10  9 10  9  7  9  0  5  0  0  0  0]
 [10 10  8  6  6  5  5 10 10  9 10  9  7  9  0  5  0  0  0  0]
 [10 10  8  8  6  5  5 10 10 10 10  9  7  9  0  5  0  0  0  0]]
Filling 0.0 things for dest 8
[[10  8  8  6  5  5  0  9 10  5  9  7  0  0  0  0  0  0  0  0]
 [10  8  8  6  5  5  0  9 10  5  9  7  5  0  0  0  0  0  0  0]
 [10 10  8  6  5  5  0  9 10  9 10  7  7  9  0  0  0  0  0  0]
 [10 10  8  6  6  5  0 10 10  9 10  9  7  9  0  5  0  0  0  0]
 [10 10  8  6  6  5  5 10 10  9 10  9  7  9  0  5  0  0  0  0]
 [10 10  8  8  6  5  5 10 10 10 10  9  7  9  0  5  0  0  0  0]]
Filling 4.0 things for dest 7
[[10  8  8  6  5  5  0  9 10  5  9  7  0  7  0  0  0  0  0  0]
 [10  8  8  6  5  5  0  9 10  5  9  7  5  7  0  0  0  0  0  0]
 [10 10  8  6  5  5  0  9 10  9 10  7  7  9  0  0  0  0  0  0]
 [10 10  8  6  6  5  0 10 10  9 10  9  7  9  0  5  0  0  0  0]
 [10 10  8  6  6  5  5 10 10  9 10  9  7  9  7  5  0  0  0  0]
 [10 10  8  8  6  5  5 10 10 10 10  9  7  9  7  5  0  0  0  0]]
Filling 4.0 things for dest 6
[[10  8  8  6  5  5  0  9 10  5  9  7  0  7  6  0  0  0  0  0]
 [10  8  8  6  5  5  0  9 10  5  9  7  5  7  6  0  0  0  0  0]
 [10 10  8  6  5  5  0  9 10  9 10  7  7  9  6  0  0  0  0  0]
 [10 10  8  6  6  5  0 10 10  9 10  9  7  9  6  5  0  0  0  0]
 [10 10  8  6  6  5  5 10 10  9 10  9  7  9  7  5  0  0  0  0]
 [10 10  8  8  6  5  5 10 10 10 10  9  7  9  7  5  0  0  0  0]]
Filling 8.0 things for dest 5
[[10  8  8  6  5  5  5  9 10  5  9  7  5  7  6  5  0  0  0  0]
 [10  8  8  6  5  5  5  9 10  5  9  7  5  7  6  5  0  0  0  0]
 [10 10  8  6  5  5  5  9 10  9 10  7  7  9  6  5  0  0  0  0]
 [10 10  8  6  6  5  5 10 10  9 10  9  7  9  6  5  0  0  0  0]
 [10 10  8  6  6  5  5 10 10  9 10  9  7  9  7  5  0  0  0  0]
 [10 10  8  8  6  5  5 10 10 10 10  9  7  9  7  5  0  0  0  0]]
Leaving 5
[[10  8  8  6  0  0  0  9 10  0  9  7  0  7  6  0  0  0  0  0]
 [10  8  8  6  0  0  0  9 10  0  9  7  0  7  6  0  0  0  0  0]
 [10 10  8  6  0  0  0  9 10  9 10  7  7  9  6  0  0  0  0  0]
 [10 10  8  6  6  0  0 10 10  9 10  9  7  9  6  0  0  0  0  0]
 [10 10  8  6  6  0  0 10 10  9 10  9  7  9  7  0  0  0  0  0]
 [10 10  8  8  6  0  0 10 10 10 10  9  7  9  7  0  0  0  0  0]]
Filling 0.0 things for dest 10
[[10  8  8  6  0  0  0  9 10  0  9  7  0  7  6  0  0  0  0  0]
 [10  8  8  6  0  0  0  9 10  0  9  7  0  7  6  0  0  0  0  0]
 [10 10  8  6  0  0  0  9 10  9 10  7  7  9  6  0  0  0  0  0]
 [10 10  8  6  6  0  0 10 10  9 10  9  7  9  6  0  0  0  0  0]
 [10 10  8  6  6  0  0 10 10  9 10  9  7  9  7  0  0  0  0  0]
 [10 10  8  8  6  0  0 10 10 10 10  9  7  9  7  0  0  0  0  0]]
Filling 7.0 things for dest 9
[[10  8  8  6  0  0  0  9 10  9  9  7  0  7  6  0  0  0  0  0]
 [10  8  8  6  0  9  0  9 10  9  9  7  0  7  6  0  0  0  0  0]
 [10 10  8  6  0  9  0  9 10  9 10  7  7  9  6  0  0  0  0  0]
 [10 10  8  6  6  9  0 10 10  9 10  9  7  9  6  0  0  0  0  0]
 [10 10  8  6  6  9  0 10 10  9 10  9  7  9  7  0  0  0  0  0]
 [10 10  8  8  6  9  0 10 10 10 10  9  7  9  7  0  0  0  0  0]]
Filling 5.0 things for dest 8
[[10  8  8  6  0  8  0  9 10  9  9  7  0  7  6  0  0  0  0  0]
 [10  8  8  6  0  9  0  9 10  9  9  7  0  7  6  0  0  0  0  0]
 [10 10  8  6  0  9  8  9 10  9 10  7  7  9  6  0  0  0  0  0]
 [10 10  8  6  6  9  8 10 10  9 10  9  7  9  6  0  0  0  0  0]
 [10 10  8  6  6  9  8 10 10  9 10  9  7  9  7  0  0  0  0  0]
 [10 10  8  8  6  9  8 10 10 10 10  9  7  9  7  0  0  0  0  0]]
Filling 3.0 things for dest 7
[[10  8  8  6  0  8  7  9 10  9  9  7  0  7  6  0  0  0  0  0]
 [10  8  8  6  0  9  7  9 10  9  9  7  7  7  6  0  0  0  0  0]
 [10 10  8  6  0  9  8  9 10  9 10  7  7  9  6  0  0  0  0  0]
 [10 10  8  6  6  9  8 10 10  9 10  9  7  9  6  0  0  0  0  0]
 [10 10  8  6  6  9  8 10 10  9 10  9  7  9  7  0  0  0  0  0]
 [10 10  8  8  6  9  8 10 10 10 10  9  7  9  7  0  0  0  0  0]]
Filling 9.0 things for dest 6
[[10  8  8  6  6  8  7  9 10  9  9  7  6  7  6  0  0  0  0  0]
 [10  8  8  6  6  9  7  9 10  9  9  7  7  7  6  6  0  0  0  0]
 [10 10  8  6  6  9  8  9 10  9 10  7  7  9  6  6  0  0  0  0]
 [10 10  8  6  6  9  8 10 10  9 10  9  7  9  6  6  0  0  0  0]
 [10 10  8  6  6  9  8 10 10  9 10  9  7  9  7  6  0  0  0  0]
 [10 10  8  8  6  9  8 10 10 10 10  9  7  9  7  6  0  0  0  0]]
Leaving 6
[[10  8  8  0  0  8  7  9 10  9  9  7  0  7  0  0  0  0  0  0]
 [10  8  8  0  0  9  7  9 10  9  9  7  7  7  0  0  0  0  0  0]
 [10 10  8  0  0  9  8  9 10  9 10  7  7  9  0  0  0  0  0  0]
 [10 10  8  0  0  9  8 10 10  9 10  9  7  9  0  0  0  0  0  0]
 [10 10  8  0  0  9  8 10 10  9 10  9  7  9  7  0  0  0  0  0]
 [10 10  8  8  0  9  8 10 10 10 10  9  7  9  7  0  0  0  0  0]]
Filling 0.0 things for dest 10
[[10  8  8  0  0  8  7  9 10  9  9  7  0  7  0  0  0  0  0  0]
 [10  8  8  0  0  9  7  9 10  9  9  7  7  7  0  0  0  0  0  0]
 [10 10  8  0  0  9  8  9 10  9 10  7  7  9  0  0  0  0  0  0]
 [10 10  8  0  0  9  8 10 10  9 10  9  7  9  0  0  0  0  0  0]
 [10 10  8  0  0  9  8 10 10  9 10  9  7  9  7  0  0  0  0  0]
 [10 10  8  8  0  9  8 10 10 10 10  9  7  9  7  0  0  0  0  0]]
Filling 4.0 things for dest 9
[[10  8  8  0  0  8  7  9 10  9  9  7  0  7  0  0  0  0  0  0]
 [10  8  8  0  0  9  7  9 10  9  9  7  7  7  0  0  0  0  0  0]
 [10 10  8  0  9  9  8  9 10  9 10  7  7  9  0  0  0  0  0  0]
 [10 10  8  0  9  9  8 10 10  9 10  9  7  9  0  0  0  0  0  0]
 [10 10  8  0  9  9  8 10 10  9 10  9  7  9  7  0  0  0  0  0]
 [10 10  8  8  9  9  8 10 10 10 10  9  7  9  7  0  0  0  0  0]]
Filling 8.0 things for dest 8
[[10  8  8  8  8  8  7  9 10  9  9  7  0  7  0  0  0  0  0  0]
 [10  8  8  8  8  9  7  9 10  9  9  7  7  7  0  0  0  0  0  0]
 [10 10  8  8  9  9  8  9 10  9 10  7  7  9  0  0  0  0  0  0]
 [10 10  8  8  9  9  8 10 10  9 10  9  7  9  0  0  0  0  0  0]
 [10 10  8  8  9  9  8 10 10  9 10  9  7  9  7  0  0  0  0  0]
 [10 10  8  8  9  9  8 10 10 10 10  9  7  9  7  8  0  0  0  0]]
Filling 0.0 things for dest 7
[[10  8  8  8  8  8  7  9 10  9  9  7  0  7  0  0  0  0  0  0]
 [10  8  8  8  8  9  7  9 10  9  9  7  7  7  0  0  0  0  0  0]
 [10 10  8  8  9  9  8  9 10  9 10  7  7  9  0  0  0  0  0  0]
 [10 10  8  8  9  9  8 10 10  9 10  9  7  9  0  0  0  0  0  0]
 [10 10  8  8  9  9  8 10 10  9 10  9  7  9  7  0  0  0  0  0]
 [10 10  8  8  9  9  8 10 10 10 10  9  7  9  7  8  0  0  0  0]]
Leaving 7
[[10  8  8  8  8  8  0  9 10  9  9  0  0  0  0  0  0  0  0  0]
 [10  8  8  8  8  9  0  9 10  9  9  0  0  0  0  0  0  0  0  0]
 [10 10  8  8  9  9  8  9 10  9 10  0  0  9  0  0  0  0  0  0]
 [10 10  8  8  9  9  8 10 10  9 10  9  0  9  0  0  0  0  0  0]
 [10 10  8  8  9  9  8 10 10  9 10  9  0  9  0  0  0  0  0  0]
 [10 10  8  8  9  9  8 10 10 10 10  9  0  9  0  8  0  0  0  0]]
Filling 5.0 things for dest 10
[[10  8  8  8  8  8  0  9 10  9  9  0  0  0  0  0  0  0  0  0]
 [10  8  8  8  8  9  0  9 10  9  9  0 10  0  0  0  0  0  0  0]
 [10 10  8  8  9  9  8  9 10  9 10  0 10  9  0  0  0  0  0  0]
 [10 10  8  8  9  9  8 10 10  9 10  9 10  9  0  0  0  0  0  0]
 [10 10  8  8  9  9  8 10 10  9 10  9 10  9  0  0  0  0  0  0]
 [10 10  8  8  9  9  8 10 10 10 10  9 10  9  0  8  0  0  0  0]]
Filling 0.0 things for dest 9
[[10  8  8  8  8  8  0  9 10  9  9  0  0  0  0  0  0  0  0  0]
 [10  8  8  8  8  9  0  9 10  9  9  0 10  0  0  0  0  0  0  0]
 [10 10  8  8  9  9  8  9 10  9 10  0 10  9  0  0  0  0  0  0]
 [10 10  8  8  9  9  8 10 10  9 10  9 10  9  0  0  0  0  0  0]
 [10 10  8  8  9  9  8 10 10  9 10  9 10  9  0  0  0  0  0  0]
 [10 10  8  8  9  9  8 10 10 10 10  9 10  9  0  8  0  0  0  0]]
Filling 6.0 things for dest 8
[[10  8  8  8  8  8  8  9 10  9  9  0  8  8  0  0  0  0  0  0]
 [10  8  8  8  8  9  8  9 10  9  9  0 10  8  0  0  0  0  0  0]
 [10 10  8  8  9  9  8  9 10  9 10  8 10  9  0  0  0  0  0  0]
 [10 10  8  8  9  9  8 10 10  9 10  9 10  9  0  0  0  0  0  0]
 [10 10  8  8  9  9  8 10 10  9 10  9 10  9  0  0  0  0  0  0]
 [10 10  8  8  9  9  8 10 10 10 10  9 10  9  0  8  0  0  0  0]]
Leaving 8
[[10  0  0  0  0  0  0  9 10  9  9  0  0  0  0  0  0  0  0  0]
 [10  0  0  0  0  9  0  9 10  9  9  0 10  0  0  0  0  0  0  0]
 [10 10  0  0  9  9  0  9 10  9 10  0 10  9  0  0  0  0  0  0]
 [10 10  0  0  9  9  0 10 10  9 10  9 10  9  0  0  0  0  0  0]
 [10 10  0  0  9  9  0 10 10  9 10  9 10  9  0  0  0  0  0  0]
 [10 10  0  0  9  9  0 10 10 10 10  9 10  9  0  0  0  0  0  0]]
Filling 4.0 things for dest 10
[[10 10  0  0  0  0  0  9 10  9  9  0 10  0  0  0  0  0  0  0]
 [10 10  0  0  0  9  0  9 10  9  9  0 10  0  0  0  0  0  0  0]
 [10 10  0  0  9  9  0  9 10  9 10  0 10  9  0  0  0  0  0  0]
 [10 10  0  0  9  9  0 10 10  9 10  9 10  9  0  0  0  0  0  0]
 [10 10  0  0  9  9  0 10 10  9 10  9 10  9  0  0  0  0  0  0]
 [10 10 10  0  9  9  0 10 10 10 10  9 10  9  0  0  0  0  0  0]]
Filling 9.0 things for dest 9
[[10 10  0  0  9  9  0  9 10  9  9  9 10  9  0  0  0  0  0  0]
 [10 10  0  0  9  9  0  9 10  9  9  9 10  9  0  0  0  0  0  0]
 [10 10  0  0  9  9  0  9 10  9 10  9 10  9  0  0  0  0  0  0]
 [10 10  0  0  9  9  0 10 10  9 10  9 10  9  0  0  0  0  0  0]
 [10 10  9  0  9  9  0 10 10  9 10  9 10  9  0  0  0  0  0  0]
 [10 10 10  0  9  9  0 10 10 10 10  9 10  9  0  0  0  0  0  0]]
Leaving 9
[[10 10  0  0  0  0  0  0 10  0  0  0 10  0  0  0  0  0  0  0]
 [10 10  0  0  0  0  0  0 10  0  0  0 10  0  0  0  0  0  0  0]
 [10 10  0  0  0  0  0  0 10  0 10  0 10  0  0  0  0  0  0  0]
 [10 10  0  0  0  0  0 10 10  0 10  0 10  0  0  0  0  0  0  0]
 [10 10  0  0  0  0  0 10 10  0 10  0 10  0  0  0  0  0  0  0]
 [10 10 10  0  0  0  0 10 10 10 10  0 10  0  0  0  0  0  0  0]]
Filling 8.0 things for dest 10
[[10 10  0  0  0  0  0 10 10  0 10  0 10  0  0  0  0  0  0  0]
 [10 10  0  0  0  0  0 10 10  0 10  0 10  0  0  0  0  0  0  0]
 [10 10 10  0  0  0  0 10 10  0 10  0 10  0  0  0  0  0  0  0]
 [10 10 10  0  0  0  0 10 10  0 10  0 10  0  0  0  0  0  0  0]
 [10 10 10  0  0  0  0 10 10  0 10  0 10  0  0  0  0  0  0  0]
 [10 10 10  0  0  0  0 10 10 10 10  0 10  0  0  0  0  0  0  0]]
Leaving 10
[[0 0 0 0 0 0 0 0 0 0 0 0 0 0 0 0 0 0 0 0]
 [0 0 0 0 0 0 0 0 0 0 0 0 0 0 0 0 0 0 0 0]
 [0 0 0 0 0 0 0 0 0 0 0 0 0 0 0 0 0 0 0 0]
 [0 0 0 0 0 0 0 0 0 0 0 0 0 0 0 0 0 0 0 0]
 [0 0 0 0 0 0 0 0 0 0 0 0 0 0 0 0 0 0 0 0]
 [0 0 0 0 0 0 0 0 0 0 0 0 0 0 0 0 0 0 0 0]]
The cost for this trip is 0